 Solution Component Class     dp (m)     ps(-)  wt(m s^-1)     Pn(-)       C(-) rhos(kg m^-3) R(kg m^-1 s^-2)
       1          1     1  0.141E-02  0.100E-02    2.9856     6.7625  0.395E-07      3280.000       0.386E-03
       1          1     2  0.100E-02  0.390E-02    2.4038     5.4448  0.191E-06      3280.000       0.151E-02
       1          1     3  0.707E-03  0.120E-01    1.9157     4.3392  0.738E-06      3280.000       0.464E-02
       1          1     4  0.500E-03  0.110E-01    1.5025     3.4031  0.862E-06      3280.000       0.425E-02
       1          1     5  0.354E-03  0.187E-01    1.1547     2.6155  0.191E-05      3280.000       0.723E-02
       1          1     6  0.250E-03  0.244E-01    0.8676     1.9653  0.331E-05      3280.000       0.943E-02
       1          1     7  0.177E-03  0.252E-01    0.6356     1.4397  0.467E-05      3280.000       0.974E-02
       1          1     8  0.125E-03  0.260E-01    0.4515     1.0226  0.678E-05      3280.000       0.100E-01
       1          1     9  0.884E-04  0.283E-01    0.3079     0.6974  0.108E-04      3280.000       0.109E-01
       1          1    10  0.625E-04  0.297E-01    0.1988     0.4503  0.176E-04      3280.000       0.115E-01
       1          1    11  0.442E-04  0.265E-01    0.1193     0.2703  0.262E-04      3280.000       0.102E-01
       1          1    12  0.313E-04  0.152E-01    0.0649     0.1470  0.276E-04      3280.000       0.587E-02
       1          1    13  0.221E-04  0.100E-01    0.0310     0.0701  0.380E-04      3280.000       0.386E-02
       1          1    14  0.156E-04  0.550E-02    0.0128     0.0290  0.506E-04      3280.000       0.213E-02
       1          1    15  0.110E-04  0.350E-02    0.0048     0.0109  0.860E-04      3280.000       0.135E-02
       1          2     1  0.200E-02  0.190E-02    2.1693     4.9136  0.209E-06      1623.110       0.734E-03
       1          2     2  0.141E-02  0.200E-02    1.7919     4.0588  0.251E-06      1719.823       0.773E-03
       1          2     3  0.100E-02  0.470E-02    1.4747     3.3404  0.676E-06      1822.300       0.182E-02
       1          2     4  0.707E-03  0.520E-02    1.2058     2.7312  0.863E-06      1930.883       0.201E-02
       1          2     5  0.500E-03  0.690E-02    0.9756     2.2097  0.134E-05      2045.935       0.267E-02
       1          2     6  0.354E-03  0.860E-02    0.7777     1.7615  0.197E-05      2167.843       0.332E-02
       1          2     7  0.250E-03  0.770E-02    0.6084     1.3781  0.213E-05      2297.015       0.298E-02
       1          2     8  0.177E-03  0.680E-02    0.4653     1.0540  0.232E-05      2433.884       0.263E-02
       1          2     9  0.125E-03  0.470E-02    0.3459     0.7834  0.204E-05      2578.908       0.182E-02
       1          2    10  0.884E-04  0.370E-02    0.2454     0.5559  0.216E-05      2700.000       0.143E-02
       1          2    11  0.625E-04  0.390E-02    0.1594     0.3611  0.350E-05      2700.000       0.151E-02
       1          2    12  0.442E-04  0.350E-02    0.0955     0.2164  0.524E-05      2700.000       0.135E-02
       1          2    13  0.313E-04  0.200E-02    0.0510     0.1156  0.561E-05      2700.000       0.773E-03
       1          2    14  0.221E-04  0.130E-02    0.0235     0.0532  0.792E-05      2700.000       0.502E-03
       1          2    15  0.156E-04  0.700E-03    0.0094     0.0212  0.107E-04      2700.000       0.270E-03
       1          2    16  0.110E-04  0.500E-03    0.0035     0.0078  0.207E-04      2700.000       0.193E-03
       1          3     1  0.566E-02  0.700E-03    5.3333    12.0802  0.194E-07      2620.000       0.270E-03
       1          3     2  0.400E-02  0.100E-02    4.2995     9.7386  0.343E-07      2620.000       0.386E-03
       1          3     3  0.283E-02  0.320E-02    3.4579     7.8322  0.136E-06      2620.000       0.124E-02
       1          3     4  0.200E-02  0.360E-02    2.7748     6.2850  0.191E-06      2620.000       0.139E-02
       1          3     5  0.141E-02  0.102E-01    2.2215     5.0318  0.677E-06      2620.000       0.394E-02
       1          3     6  0.100E-02  0.211E-01    1.7728     4.0155  0.176E-05      2620.000       0.815E-02
       1          3     7  0.707E-03  0.318E-01    1.4068     3.1865  0.333E-05      2620.000       0.123E-01
       1          3     8  0.500E-03  0.307E-01    1.1056     2.5042  0.410E-05      2620.000       0.119E-01
       1          3     9  0.354E-03  0.391E-01    0.8561     1.9390  0.674E-05      2620.000       0.151E-01
       1          3    10  0.250E-03  0.466E-01    0.6499     1.4720  0.106E-04      2620.000       0.180E-01
       1          3    11  0.177E-03  0.445E-01    0.4814     1.0904  0.136E-04      2620.000       0.172E-01
       1          3    12  0.125E-03  0.445E-01    0.3456     0.7828  0.190E-04      2620.000       0.172E-01
       1          3    13  0.884E-04  0.480E-01    0.2379     0.5389  0.298E-04      2620.000       0.185E-01
       1          3    14  0.625E-04  0.505E-01    0.1546     0.3501  0.482E-04      2620.000       0.195E-01
       1          3    15  0.442E-04  0.450E-01    0.0925     0.2095  0.718E-04      2620.000       0.174E-01
       1          3    16  0.313E-04  0.258E-01    0.0493     0.1116  0.772E-04      2620.000       0.997E-02
       1          3    17  0.221E-04  0.170E-01    0.0226     0.0511  0.111E-03      2620.000       0.657E-02
       1          3    18  0.156E-04  0.930E-02    0.0090     0.0203  0.153E-03      2620.000       0.359E-02
       1          3    19  0.110E-04  0.600E-02    0.0033     0.0075  0.268E-03      2620.000       0.232E-02
       1          4     1  0.100E-02  0.100E-03    2.1221     4.8067  0.759E-08      2400.000       0.386E-04
       1          4     2  0.707E-03  0.130E-02    1.6829     3.8118  0.124E-06      2400.000       0.502E-03
       1          4     3  0.500E-03  0.380E-02    1.3088     2.9645  0.467E-06      2400.000       0.147E-02
       1          4     4  0.354E-03  0.990E-02    0.9956     2.2550  0.160E-05      2400.000       0.383E-02
       1          4     5  0.250E-03  0.183E-01    0.7396     1.6752  0.398E-05      2400.000       0.707E-02
       1          4     6  0.177E-03  0.193E-01    0.5349     1.2115  0.581E-05      2400.000       0.746E-02
       1          4     7  0.125E-03  0.294E-01    0.3740     0.8471  0.127E-04      2400.000       0.114E-01
       1          4     8  0.884E-04  0.320E-01    0.2501     0.5664  0.206E-04      2400.000       0.124E-01
       1          4     9  0.625E-04  0.336E-01    0.1576     0.3569  0.343E-04      2400.000       0.130E-01
       1          4    10  0.442E-04  0.300E-01    0.0918     0.2079  0.526E-04      2400.000       0.116E-01
       1          4    11  0.313E-04  0.172E-01    0.0482     0.1091  0.575E-04      2400.000       0.665E-02
       1          4    12  0.221E-04  0.113E-01    0.0221     0.0500  0.824E-04      2400.000       0.437E-02
       1          4    13  0.156E-04  0.620E-02    0.0088     0.0200  0.113E-03      2400.000       0.240E-02
       1          4    14  0.110E-04  0.400E-02    0.0033     0.0074  0.197E-03      2400.000       0.155E-02
 
       2          1     1  0.141E-02  0.100E-02    4.4139     6.5305  0.650E-08      3280.000       0.941E-04
       2          1     2  0.100E-02  0.390E-02    3.5258     5.2165  0.317E-07      3280.000       0.367E-03
       2          1     3  0.707E-03  0.120E-01    2.7744     4.1048  0.124E-06      3280.000       0.113E-02
       2          1     4  0.500E-03  0.110E-01    2.1406     3.1671  0.147E-06      3280.000       0.103E-02
       2          1     5  0.354E-03  0.187E-01    1.6153     2.3900  0.332E-06      3280.000       0.176E-02
       2          1     6  0.250E-03  0.244E-01    1.1892     1.7595  0.588E-06      3280.000       0.230E-02
       2          1     7  0.177E-03  0.252E-01    0.8500     1.2576  0.850E-06      3280.000       0.237E-02
       2          1     8  0.125E-03  0.260E-01    0.5845     0.8649  0.128E-05      3280.000       0.245E-02
       2          1     9  0.884E-04  0.283E-01    0.3817     0.5648  0.213E-05      3280.000       0.266E-02
       2          1    10  0.625E-04  0.297E-01    0.2326     0.3441  0.366E-05      3280.000       0.279E-02
       2          1    11  0.442E-04  0.265E-01    0.1291     0.1910  0.589E-05      3280.000       0.249E-02
       2          1    12  0.313E-04  0.152E-01    0.0632     0.0936  0.689E-05      3280.000       0.143E-02
       2          1    13  0.221E-04  0.100E-01    0.0268     0.0396  0.107E-04      3280.000       0.941E-03
       2          1    14  0.156E-04  0.550E-02    0.0102     0.0150  0.155E-04      3280.000       0.517E-03
       2          1    15  0.110E-04  0.350E-02    0.0037     0.0054  0.273E-04      3280.000       0.329E-03
       2          2     1  0.200E-02  0.190E-02    3.1914     4.7218  0.345E-07      1623.110       0.179E-03
       2          2     2  0.141E-02  0.200E-02    2.6280     3.8882  0.416E-07      1719.823       0.188E-03
       2          2     3  0.100E-02  0.470E-02    2.1510     3.1825  0.113E-06      1822.300       0.442E-03
       2          2     4  0.707E-03  0.520E-02    1.7431     2.5790  0.145E-06      1930.883       0.489E-03
       2          2     5  0.500E-03  0.690E-02    1.3926     2.0604  0.228E-06      2045.935       0.649E-03
       2          2     6  0.354E-03  0.860E-02    1.0925     1.6163  0.342E-06      2167.843       0.809E-03
       2          2     7  0.250E-03  0.770E-02    0.8383     1.2402  0.376E-06      2297.015       0.724E-03
       2          2     8  0.177E-03  0.680E-02    0.6257     0.9257  0.420E-06      2433.884       0.640E-03
       2          2     9  0.125E-03  0.470E-02    0.4504     0.6664  0.381E-06      2578.908       0.442E-03
       2          2    10  0.884E-04  0.370E-02    0.3059     0.4526  0.421E-06      2700.000       0.348E-03
       2          2    11  0.625E-04  0.390E-02    0.1864     0.2758  0.729E-06      2700.000       0.367E-03
       2          2    12  0.442E-04  0.350E-02    0.1020     0.1510  0.120E-05      2700.000       0.329E-03
       2          2    13  0.313E-04  0.200E-02    0.0483     0.0715  0.144E-05      2700.000       0.188E-03
       2          2    14  0.221E-04  0.130E-02    0.0197     0.0292  0.230E-05      2700.000       0.122E-03
       2          2    15  0.156E-04  0.700E-03    0.0073     0.0109  0.332E-05      2700.000       0.659E-04
       2          2    16  0.110E-04  0.500E-03    0.0026     0.0039  0.662E-05      2700.000       0.470E-04
       2          3     1  0.566E-02  0.700E-03    7.8908    11.6747  0.319E-08      2620.000       0.659E-04
       2          3     2  0.400E-02  0.100E-02    6.3488     9.3932  0.566E-08      2620.000       0.941E-04
       2          3     3  0.283E-02  0.320E-02    5.0967     7.5407  0.225E-07      2620.000       0.301E-03
       2          3     4  0.200E-02  0.360E-02    4.0823     6.0399  0.317E-07      2620.000       0.339E-03
       2          3     5  0.141E-02  0.102E-01    3.2601     4.8234  0.112E-06      2620.000       0.960E-03
       2          3     6  0.100E-02  0.211E-01    2.5904     3.8326  0.292E-06      2620.000       0.199E-02
       2          3     7  0.707E-03  0.318E-01    2.0401     3.0184  0.560E-06      2620.000       0.299E-02
       2          3     8  0.500E-03  0.307E-01    1.5845     2.3444  0.696E-06      2620.000       0.289E-02
       2          3     9  0.354E-03  0.391E-01    1.2077     1.7869  0.116E-05      2620.000       0.368E-02
       2          3    10  0.250E-03  0.466E-01    0.8990     1.3301  0.186E-05      2620.000       0.438E-02
       2          3    11  0.177E-03  0.445E-01    0.6495     0.9610  0.246E-05      2620.000       0.419E-02
       2          3    12  0.125E-03  0.445E-01    0.4511     0.6674  0.354E-05      2620.000       0.419E-02
       2          3    13  0.884E-04  0.480E-01    0.2966     0.4388  0.581E-05      2620.000       0.452E-02
       2          3    14  0.625E-04  0.505E-01    0.1806     0.2672  0.100E-04      2620.000       0.475E-02
       2          3    15  0.442E-04  0.450E-01    0.0986     0.1458  0.164E-04      2620.000       0.423E-02
       2          3    16  0.313E-04  0.258E-01    0.0465     0.0687  0.199E-04      2620.000       0.243E-02
       2          3    17  0.221E-04  0.170E-01    0.0189     0.0279  0.323E-04      2620.000       0.160E-02
       2          3    18  0.156E-04  0.930E-02    0.0070     0.0104  0.476E-04      2620.000       0.875E-03
       2          3    19  0.110E-04  0.600E-02    0.0025     0.0037  0.857E-04      2620.000       0.564E-03
       2          4     1  0.100E-02  0.100E-03    3.1016     4.5889  0.126E-08      2400.000       0.941E-05
       2          4     2  0.707E-03  0.130E-02    2.4215     3.5826  0.210E-07      2400.000       0.122E-03
       2          4     3  0.500E-03  0.380E-02    1.8496     2.7366  0.805E-07      2400.000       0.357E-03
       2          4     4  0.354E-03  0.990E-02    1.3802     2.0421  0.281E-06      2400.000       0.931E-03
       2          4     5  0.250E-03  0.183E-01    1.0035     1.4847  0.715E-06      2400.000       0.172E-02
       2          4     6  0.177E-03  0.193E-01    0.7065     1.0453  0.107E-05      2400.000       0.182E-02
       2          4     7  0.125E-03  0.294E-01    0.4768     0.7054  0.242E-05      2400.000       0.277E-02
       2          4     8  0.884E-04  0.320E-01    0.3041     0.4499  0.413E-05      2400.000       0.301E-02
       2          4     9  0.625E-04  0.336E-01    0.1800     0.2663  0.732E-05      2400.000       0.316E-02
       2          4    10  0.442E-04  0.300E-01    0.0965     0.1428  0.122E-04      2400.000       0.282E-02
       2          4    11  0.313E-04  0.172E-01    0.0454     0.0672  0.148E-04      2400.000       0.162E-02
       2          4    12  0.221E-04  0.113E-01    0.0186     0.0275  0.238E-04      2400.000       0.106E-02
       2          4    13  0.156E-04  0.620E-02    0.0069     0.0103  0.350E-04      2400.000       0.583E-03
       2          4    14  0.110E-04  0.400E-02    0.0025     0.0037  0.629E-04      2400.000       0.376E-03
 
       3          1     1  0.141E-02  0.100E-02    1.8602     7.0210  0.214E-06      3280.000       0.131E-02
       3          1     2  0.100E-02  0.390E-02    1.5052     5.6811  0.103E-05      3280.000       0.509E-02
       3          1     3  0.707E-03  0.120E-01    1.2117     4.5733  0.394E-05      3280.000       0.157E-01
       3          1     4  0.500E-03  0.110E-01    0.9653     3.6435  0.453E-05      3280.000       0.144E-01
       3          1     5  0.354E-03  0.187E-01    0.7568     2.8562  0.983E-05      3280.000       0.244E-01
       3          1     6  0.250E-03  0.244E-01    0.5813     2.1941  0.167E-04      3280.000       0.318E-01
       3          1     7  0.177E-03  0.252E-01    0.4365     1.6476  0.230E-04      3280.000       0.329E-01
       3          1     8  0.125E-03  0.260E-01    0.3196     1.2062  0.324E-04      3280.000       0.339E-01
       3          1     9  0.884E-04  0.283E-01    0.2268     0.8560  0.496E-04      3280.000       0.369E-01
       3          1    10  0.625E-04  0.297E-01    0.1545     0.5832  0.765E-04      3280.000       0.388E-01
       3          1    11  0.442E-04  0.265E-01    0.0996     0.3760  0.106E-03      3280.000       0.346E-01
       3          1    12  0.313E-04  0.152E-01    0.0597     0.2252  0.101E-03      3280.000       0.198E-01
       3          1    13  0.221E-04  0.100E-01    0.0324     0.1222  0.123E-03      3280.000       0.131E-01
       3          1    14  0.156E-04  0.550E-02    0.0154     0.0581  0.142E-03      3280.000       0.718E-02
       3          1    15  0.110E-04  0.350E-02    0.0063     0.0239  0.220E-03      3280.000       0.457E-02
       3          2     1  0.200E-02  0.190E-02    1.3607     5.1358  0.112E-05      1623.110       0.248E-02
       3          2     2  0.141E-02  0.200E-02    1.1269     4.2533  0.135E-05      1719.823       0.261E-02
       3          2     3  0.100E-02  0.470E-02    0.9311     3.5144  0.362E-05      1822.300       0.613E-02
       3          2     4  0.707E-03  0.520E-02    0.7666     2.8932  0.459E-05      1930.883       0.679E-02
       3          2     5  0.500E-03  0.690E-02    0.6270     2.3666  0.702E-05      2045.935       0.901E-02
       3          2     6  0.354E-03  0.860E-02    0.5076     1.9158  0.102E-04      2167.843       0.112E-01
       3          2     7  0.250E-03  0.770E-02    0.4049     1.5283  0.108E-04      2297.015       0.100E-01
       3          2     8  0.177E-03  0.680E-02    0.3171     1.1966  0.115E-04      2433.884       0.887E-02
       3          2     9  0.125E-03  0.470E-02    0.2427     0.9161  0.980E-05      2578.908       0.613E-02
       3          2    10  0.884E-04  0.370E-02    0.1792     0.6762  0.998E-05      2700.000       0.483E-02
       3          2    11  0.625E-04  0.390E-02    0.1231     0.4647  0.153E-04      2700.000       0.509E-02
       3          2    12  0.442E-04  0.350E-02    0.0798     0.3014  0.212E-04      2700.000       0.457E-02
       3          2    13  0.313E-04  0.200E-02    0.0477     0.1801  0.203E-04      2700.000       0.261E-02
       3          2    14  0.221E-04  0.130E-02    0.0254     0.0959  0.247E-04      2700.000       0.170E-02
       3          2    15  0.156E-04  0.700E-03    0.0117     0.0440  0.290E-04      2700.000       0.914E-03
       3          2    16  0.110E-04  0.500E-03    0.0046     0.0175  0.521E-04      2700.000       0.653E-03
       3          3     1  0.566E-02  0.700E-03    3.3254    12.5510  0.105E-06      2620.000       0.914E-03
       3          3     2  0.400E-02  0.100E-02    2.6876    10.1438  0.185E-06      2620.000       0.131E-02
       3          3     3  0.283E-02  0.320E-02    2.1665     8.1771  0.736E-06      2620.000       0.418E-02
       3          3     4  0.200E-02  0.360E-02    1.7423     6.5759  0.103E-05      2620.000       0.470E-02
       3          3     5  0.141E-02  0.102E-01    1.3980     5.2766  0.363E-05      2620.000       0.133E-01
       3          3     6  0.100E-02  0.211E-01    1.1192     4.2242  0.939E-05      2620.000       0.275E-01
       3          3     7  0.707E-03  0.318E-01    0.8931     3.3707  0.177E-04      2620.000       0.415E-01
       3          3     8  0.500E-03  0.307E-01    0.7086     2.6743  0.216E-04      2620.000       0.401E-01
       3          3     9  0.354E-03  0.391E-01    0.5567     2.1010  0.350E-04      2620.000       0.510E-01
       3          3    10  0.250E-03  0.466E-01    0.4308     1.6261  0.539E-04      2620.000       0.608E-01
       3          3    11  0.177E-03  0.445E-01    0.3269     1.2339  0.678E-04      2620.000       0.581E-01
       3          3    12  0.125E-03  0.445E-01    0.2420     0.9133  0.916E-04      2620.000       0.581E-01
       3          3    13  0.884E-04  0.480E-01    0.1736     0.6551  0.138E-03      2620.000       0.626E-01
       3          3    14  0.625E-04  0.505E-01    0.1193     0.4505  0.211E-03      2620.000       0.659E-01
       3          3    15  0.442E-04  0.450E-01    0.0774     0.2921  0.290E-03      2620.000       0.587E-01
       3          3    16  0.313E-04  0.258E-01    0.0462     0.1744  0.278E-03      2620.000       0.337E-01
       3          3    17  0.221E-04  0.170E-01    0.0245     0.0926  0.345E-03      2620.000       0.222E-01
       3          3    18  0.156E-04  0.930E-02    0.0112     0.0422  0.414E-03      2620.000       0.121E-01
       3          3    19  0.110E-04  0.600E-02    0.0044     0.0167  0.674E-03      2620.000       0.783E-02
       3          4     1  0.100E-02  0.100E-03    1.3292     5.0169  0.409E-07      2400.000       0.131E-03
       3          4     2  0.707E-03  0.130E-02    1.0689     4.0344  0.661E-06      2400.000       0.170E-02
       3          4     3  0.500E-03  0.380E-02    0.8473     3.1979  0.244E-05      2400.000       0.496E-02
       3          4     4  0.354E-03  0.990E-02    0.6586     2.4858  0.817E-05      2400.000       0.129E-01
       3          4     5  0.250E-03  0.183E-01    0.5007     1.8898  0.199E-04      2400.000       0.239E-01
       3          4     6  0.177E-03  0.193E-01    0.3717     1.4030  0.282E-04      2400.000       0.252E-01
       3          4     7  0.125E-03  0.294E-01    0.2686     1.0139  0.595E-04      2400.000       0.384E-01
       3          4     8  0.884E-04  0.320E-01    0.1877     0.7083  0.927E-04      2400.000       0.418E-01
       3          4     9  0.625E-04  0.336E-01    0.1253     0.4730  0.146E-03      2400.000       0.439E-01
       3          4    10  0.442E-04  0.300E-01    0.0788     0.2975  0.207E-03      2400.000       0.392E-01
       3          4    11  0.313E-04  0.172E-01    0.0458     0.1729  0.204E-03      2400.000       0.224E-01
       3          4    12  0.221E-04  0.113E-01    0.0240     0.0905  0.256E-03      2400.000       0.147E-01
       3          4    13  0.156E-04  0.620E-02    0.0110     0.0413  0.308E-03      2400.000       0.809E-02
       3          4    14  0.110E-04  0.400E-02    0.0044     0.0165  0.497E-03      2400.000       0.522E-02
 
