 ###PROGRAM PYFLOW 2.1 (2018) by Fabio Dioguardi###
 LOG FILE
 
 
 WARNING! Command ZLAM_MASSIVE missing in input.dat
 Deposition rate calculations will not take this into account
 
   100.00000000000000     
WARNING! Sum of weight fractions of the sample 100.000 is slightly > 100%


****** GRAINSIZE DISTRIBUTION PARAMETERS CALCULATION FOR COMPONENT  1 *******

 ***GRAINSIZE ANALYSIS CALCULATIONS***

 0.5 Phisup calculation residuals
 0.824E+02   0.507E+00
-0.415E+02   0.507E+00
-0.203E+02   0.507E+00
-0.996E+01   0.507E+00
-0.488E+01   0.492E+00
 0.232E+01  -0.627E-01
-0.209E+01   0.429E-01
 0.158E+00  -0.119E-03
-0.108E+00   0.112E-06
 0.297E-03  -0.305E-12
-0.281E-06   0.000E+00

 0.5 Phiinf calculation residuals
 0.280E+02   0.399E+00
-0.110E+02   0.399E+00
-0.653E+01   0.399E+00
-0.386E+01   0.399E+00
-0.228E+01   0.303E+00
 0.217E+01  -0.344E-01
-0.102E+01   0.106E-01
-0.274E-01   0.110E-03
-0.283E-03   0.109E-05
-0.281E-05   0.109E-07
-0.278E-07   0.108E-09
-0.276E-09   0.107E-11
-0.274E-11   0.105E-13
-0.270E-13   0.167E-15
 0.882E-01  -0.555E-16
-0.333E-15   0.000E+00

 0.5 Phi calculation residuals
 0.513E+02   0.500E+00
-0.256E+02   0.500E+00
-0.127E+02   0.500E+00
-0.631E+01   0.500E+00
-0.314E+01   0.225E+00
 0.213E+01  -0.145E+00
-0.589E+00   0.323E-02
 0.371E+00  -0.728E-04
-0.809E-02   0.776E-09
-0.195E-08   0.000E+00

 0.8 Phisup calculation residuals
 0.452E+04   0.858E+00
-0.388E+04   0.858E+00
-0.551E+03   0.858E+00
-0.782E+02   0.858E+00
 0.184E+01  -0.127E+00
-0.967E+01   0.889E-01
 0.840E+00  -0.493E-01
 0.210E+00  -0.946E-02
 0.364E-01  -0.150E-02
 0.566E-02  -0.229E-03
 0.863E-03  -0.348E-04
 0.131E-03  -0.528E-05
 0.199E-04  -0.803E-06
 0.303E-05  -0.122E-06
 0.460E-06  -0.185E-07
 0.699E-07  -0.282E-08
 0.106E-07  -0.428E-09
 0.161E-08  -0.650E-10
 0.245E-09  -0.988E-11
 0.373E-10  -0.150E-11
 0.566E-11  -0.228E-12
 0.860E-12  -0.346E-13
 0.131E-12  -0.533E-14
 0.202E-13  -0.777E-15
 0.289E-14  -0.111E-15
-0.335E+00   0.000E+00

 0.8 Phiinf calculation residuals
 0.110E+04   0.748E+00
-0.822E+03   0.748E+00
-0.207E+03   0.748E+00
-0.521E+02   0.748E+00
-0.131E+02   0.568E+00
 0.136E+01  -0.236E+00
 0.898E+00  -0.146E+00
 0.441E+00  -0.416E-01
 0.117E+00  -0.616E-02
 0.172E-01  -0.713E-03
 0.199E-02  -0.792E-04
 0.221E-03  -0.876E-05
 0.244E-04  -0.968E-06
 0.270E-05  -0.107E-06
 0.298E-06  -0.118E-07
 0.329E-07  -0.130E-08
 0.364E-08  -0.144E-09
 0.402E-09  -0.159E-10
 0.444E-10  -0.176E-11
 0.490E-11  -0.194E-12
 0.542E-12  -0.214E-13
 0.597E-13  -0.244E-14
 0.677E-14  -0.222E-15
-0.158E+01   0.000E+00

 0.8 Phi calculation residuals
 0.283E+04   0.840E+00
-0.238E+04   0.840E+00
-0.380E+03   0.840E+00
-0.608E+02   0.840E+00
 0.185E+01  -0.144E+00
-0.830E+01   0.750E-01
 0.937E+00  -0.469E-01
 0.188E+00  -0.674E-02
 0.247E-01  -0.813E-03
 0.295E-02  -0.959E-04
 0.348E-03  -0.113E-04
 0.409E-04  -0.133E-05
 0.482E-05  -0.156E-06
 0.566E-06  -0.184E-07
 0.666E-07  -0.216E-08
 0.784E-08  -0.254E-09
 0.922E-09  -0.299E-10
 0.108E-09  -0.352E-11
 0.128E-10  -0.414E-12
 0.150E-11  -0.486E-13
 0.176E-12  -0.577E-14
 0.210E-13  -0.666E-15
 0.244E-14  -0.111E-15
-0.272E+00   0.000E+00

 0.2 Phisup calculation residuals
 0.577E+01   0.193E+00
-0.110E+01   0.190E+00
-0.831E+00   0.161E+00
-0.564E+00   0.925E-01
-0.284E+00   0.328E-01
-0.959E-01   0.827E-02
-0.239E-01   0.182E-02
-0.525E-02   0.386E-03
-0.111E-02   0.814E-04
-0.234E-03   0.171E-04
-0.493E-04   0.359E-05
-0.103E-04   0.755E-06
-0.217E-05   0.159E-06
-0.457E-06   0.333E-07
-0.960E-07   0.701E-08
-0.202E-07   0.147E-08
-0.424E-08   0.309E-09
-0.891E-09   0.650E-10
-0.187E-09   0.137E-10
-0.393E-10   0.287E-11
-0.826E-11   0.603E-12
-0.174E-11   0.127E-12
-0.365E-12   0.266E-13
-0.767E-13   0.558E-14
-0.160E-13   0.117E-14
-0.322E-14   0.305E-15
-0.888E-15   0.555E-16

 0.2 Phiinf calculation residuals
 0.338E+01   0.859E-01
-0.309E+00   0.579E-01
-0.189E+00   0.325E-01
-0.101E+00   0.160E-01
-0.481E-01   0.727E-02
-0.216E-01   0.319E-02
-0.943E-02   0.137E-02
-0.406E-02   0.588E-03
-0.173E-02   0.250E-03
-0.738E-03   0.107E-03
-0.314E-03   0.453E-04
-0.134E-03   0.193E-04
-0.568E-04   0.820E-05
-0.242E-04   0.349E-05
-0.103E-04   0.148E-05
-0.437E-05   0.630E-06
-0.186E-05   0.268E-06
-0.790E-06   0.114E-06
-0.336E-06   0.484E-07
-0.143E-06   0.206E-07
-0.607E-07   0.876E-08
-0.258E-07   0.372E-08
-0.110E-07   0.158E-08
-0.467E-08   0.673E-09
-0.198E-08   0.286E-09
-0.843E-09   0.122E-09
-0.359E-09   0.518E-10
-0.152E-09   0.220E-10
-0.648E-10   0.936E-11
-0.276E-10   0.398E-11
-0.117E-10   0.169E-11
-0.498E-11   0.719E-12
-0.212E-11   0.306E-12
-0.901E-12   0.130E-12
-0.383E-12   0.553E-13
-0.163E-12   0.235E-13
-0.693E-13   0.999E-14
-0.295E-13   0.423E-14
-0.124E-13   0.182E-14
-0.533E-14   0.777E-15
-0.222E-14   0.319E-15
-0.888E-15   0.153E-15

 0.2 Phi calculation residuals
 0.421E+01   0.157E+00
-0.693E+00   0.138E+00
-0.508E+00   0.942E-01
-0.304E+00   0.455E-01
-0.138E+00   0.166E-01
-0.491E-01   0.519E-02
-0.152E-01   0.153E-02
-0.449E-02   0.445E-03
-0.130E-02   0.128E-03
-0.376E-03   0.369E-04
-0.108E-03   0.106E-04
-0.311E-04   0.306E-05
-0.896E-05   0.881E-06
-0.258E-05   0.253E-06
-0.742E-06   0.729E-07
-0.213E-06   0.210E-07
-0.614E-07   0.604E-08
-0.177E-07   0.174E-08
-0.509E-08   0.500E-09
-0.146E-08   0.144E-09
-0.421E-09   0.414E-10
-0.121E-09   0.119E-10
-0.349E-10   0.343E-11
-0.100E-10   0.987E-12
-0.289E-11   0.284E-12
-0.831E-12   0.817E-13
-0.239E-12   0.235E-13
-0.688E-13   0.677E-14
-0.199E-13   0.192E-14
-0.566E-14   0.555E-15
-0.167E-14   0.111E-15
-0.222E-15   0.833E-16
COMPONENT  1 GRAINSIZE ANALYSIS RESULTS

phi50 =  2.96668   d50 (mm) =  0.12792
phi84 =  4.40444   d84 (mm) =  0.04722
phi16 =  1.30480   d16 (mm) =  0.40478
sigma =  1.54982

****** GRAINSIZE DISTRIBUTION PARAMETERS CALCULATION FOR COMPONENT  2 *******

 ***GRAINSIZE ANALYSIS CALCULATIONS***

 0.5 Phisup calculation residuals
 0.687E+01   0.577E+00
-0.363E+01   0.348E+00
 0.113E+01  -0.658E-01
-0.931E+00   0.173E-02
 0.172E+00  -0.374E-04
 0.954E-04  -0.159E-07
 0.406E-07  -0.678E-11
 0.173E-10  -0.289E-14
-0.441E-02   0.000E+00

 0.5 Phiinf calculation residuals
 0.383E+01   0.423E+00
-0.148E+01   0.922E-01
 0.109E+01  -0.902E-02
-0.237E+00   0.193E-03
-0.485E-03   0.219E-06
-0.553E-06   0.249E-09
-0.628E-09   0.284E-12
-0.714E-12   0.333E-15
-0.833E-15   0.000E+00

 0.5 Phi calculation residuals
 0.542E+01   0.500E+00
-0.263E+01   0.283E+00
 0.138E+01  -0.476E-01
-0.773E+00   0.410E-02
 0.119E+00  -0.891E-05
-0.103E-01   0.156E-09
-0.392E-09   0.000E+00

 0.8 Phisup calculation residuals
 0.544E+03   0.875E+00
-0.476E+03   0.875E+00
-0.593E+02   0.875E+00
 0.105E+01  -0.118E+00
 0.875E+00  -0.670E-01
-0.605E+01   0.858E-02
 0.411E+00  -0.241E-02
 0.115E-01  -0.561E-04
 0.267E-03  -0.129E-05
 0.614E-05  -0.297E-07
 0.141E-06  -0.684E-09
 0.325E-08  -0.157E-10
 0.748E-10  -0.362E-12
 0.172E-11  -0.833E-14
 0.395E-13  -0.222E-15
-0.408E-01   0.000E+00

 0.8 Phiinf calculation residuals
 0.141E+03   0.814E+00
-0.114E+03   0.814E+00
-0.210E+02   0.775E+00
 0.915E+00  -0.167E+00
 0.682E+00  -0.105E+00
 0.379E+00  -0.329E-01
 0.113E+00  -0.457E-02
 0.157E-01  -0.415E-03
 0.142E-02  -0.350E-04
 0.120E-03  -0.293E-05
 0.101E-04  -0.246E-06
 0.841E-06  -0.206E-07
 0.704E-07  -0.172E-08
 0.590E-08  -0.144E-09
 0.494E-09  -0.121E-10
 0.413E-10  -0.101E-11
 0.346E-11  -0.845E-13
 0.289E-12  -0.711E-14
 0.243E-13  -0.555E-15
 0.189E-14  -0.111E-15
-0.266E+01   0.000E+00

 0.8 Phi calculation residuals
 0.398E+03   0.840E+00
-0.334E+03   0.840E+00
-0.534E+02   0.840E+00
 0.162E+01  -0.130E+00
-0.739E+01   0.708E-01
 0.739E+00  -0.327E-01
 0.127E+00  -0.421E-02
 0.155E-01  -0.481E-03
 0.176E-02  -0.542E-04
 0.198E-03  -0.610E-05
 0.223E-04  -0.686E-06
 0.250E-05  -0.772E-07
 0.282E-06  -0.869E-08
 0.317E-07  -0.978E-09
 0.357E-08  -0.110E-09
 0.401E-09  -0.124E-10
 0.451E-10  -0.139E-11
 0.508E-11  -0.157E-12
 0.571E-12  -0.177E-13
 0.644E-13  -0.200E-14
 0.733E-14  -0.222E-15
-0.258E+00   0.000E+00

 0.2 Phisup calculation residuals
 0.183E+01   0.132E-01
-0.369E-01   0.262E-02
-0.727E-02   0.504E-03
-0.140E-02   0.961E-04
-0.266E-03   0.183E-04
-0.507E-04   0.349E-05
-0.966E-05   0.664E-06
-0.184E-05   0.127E-06
-0.350E-06   0.241E-07
-0.667E-07   0.459E-08
-0.127E-07   0.874E-09
-0.242E-08   0.166E-09
-0.461E-09   0.317E-10
-0.878E-10   0.604E-11
-0.167E-10   0.115E-11
-0.318E-11   0.219E-12
-0.607E-12   0.417E-13
-0.115E-12   0.797E-14
-0.221E-13   0.147E-14
-0.411E-14   0.278E-15
-0.777E-15   0.555E-16

 0.2 Phiinf calculation residuals
 0.455E+00  -0.355E-01
 0.991E-01  -0.117E-01
 0.332E-01  -0.420E-02
 0.120E-01  -0.155E-02
 0.447E-02  -0.581E-03
 0.168E-02  -0.218E-03
 0.630E-03  -0.822E-04
 0.237E-03  -0.310E-04
 0.892E-04  -0.117E-04
 0.336E-04  -0.439E-05
 0.127E-04  -0.165E-05
 0.477E-05  -0.623E-06
 0.180E-05  -0.234E-06
 0.676E-06  -0.883E-07
 0.255E-06  -0.333E-07
 0.959E-07  -0.125E-07
 0.361E-07  -0.472E-08
 0.136E-07  -0.178E-08
 0.512E-08  -0.669E-09
 0.193E-08  -0.252E-09
 0.727E-09  -0.949E-10
 0.274E-09  -0.357E-10
 0.103E-09  -0.135E-10
 0.388E-10  -0.507E-11
 0.146E-10  -0.191E-11
 0.551E-11  -0.719E-12
 0.207E-11  -0.271E-12
 0.781E-12  -0.102E-12
 0.294E-12  -0.384E-13
 0.111E-12  -0.145E-13
 0.417E-13  -0.544E-14
 0.158E-13  -0.203E-14
 0.577E-14  -0.805E-15
 0.222E-14  -0.278E-15
 0.888E-15  -0.111E-15

 0.2 Phi calculation residuals
 0.888E+00  -0.273E-01
 0.751E-01  -0.776E-02
 0.217E-01  -0.238E-02
 0.667E-02  -0.744E-03
 0.209E-02  -0.234E-03
 0.659E-03  -0.739E-04
 0.208E-03  -0.233E-04
 0.656E-04  -0.737E-05
 0.207E-04  -0.233E-05
 0.654E-05  -0.735E-06
 0.207E-05  -0.232E-06
 0.653E-06  -0.733E-07
 0.206E-06  -0.232E-07
 0.651E-07  -0.731E-08
 0.206E-07  -0.231E-08
 0.649E-08  -0.729E-09
 0.205E-08  -0.230E-09
 0.648E-09  -0.727E-10
 0.205E-09  -0.230E-10
 0.646E-10  -0.725E-11
 0.204E-10  -0.229E-11
 0.644E-11  -0.724E-12
 0.203E-11  -0.229E-12
 0.643E-12  -0.722E-13
 0.203E-12  -0.228E-13
 0.641E-13  -0.722E-14
 0.203E-13  -0.225E-14
 0.633E-14  -0.722E-15
 0.200E-14  -0.222E-15
 0.666E-15  -0.555E-16
COMPONENT  2 GRAINSIZE ANALYSIS RESULTS

phi50 =  1.67807   d50 (mm) =  0.31250
phi84 =  3.69516   d84 (mm) =  0.07721
phi16 =  0.17642   d16 (mm) =  0.88489
sigma =  1.75937

****** GRAINSIZE DISTRIBUTION PARAMETERS CALCULATION FOR COMPONENT  3 *******

 ***GRAINSIZE ANALYSIS CALCULATIONS***

 0.5 Phisup calculation residuals
 0.704E+02   0.579E+00
-0.404E+02   0.579E+00
-0.169E+02   0.579E+00
-0.705E+01   0.573E+00
 0.212E+01  -0.681E-01
-0.262E+01   0.527E-01
 0.176E+00  -0.991E-03
 0.251E-02  -0.102E-04
 0.258E-04  -0.105E-06
 0.265E-06  -0.107E-08
 0.271E-08  -0.110E-10
 0.277E-10  -0.112E-12
 0.284E-12  -0.122E-14
-0.133E+00   0.000E+00

 0.5 Phiinf calculation residuals
 0.240E+02   0.486E+00
-0.114E+02   0.486E+00
-0.574E+01   0.486E+00
-0.289E+01   0.307E+00
 0.180E+01  -0.945E-01
-0.859E+00   0.104E-01
 0.238E+00  -0.434E-04
-0.260E-01   0.250E-07
-0.627E-07   0.484E-13
-0.121E-12   0.000E+00

 0.5 Phi calculation residuals
 0.513E+02   0.500E+00
-0.256E+02   0.500E+00
-0.127E+02   0.500E+00
-0.631E+01   0.500E+00
-0.314E+01   0.225E+00
 0.213E+01  -0.145E+00
-0.589E+00   0.323E-02
 0.371E+00  -0.728E-04
-0.809E-02   0.776E-09
-0.195E-08   0.000E+00

 0.8 Phisup calculation residuals
 0.387E+04   0.879E+00
-0.340E+04   0.879E+00
-0.412E+03   0.879E+00
-0.500E+02   0.877E+00
 0.841E+00  -0.121E+00
 0.734E+00  -0.114E+00
 0.613E+00  -0.864E-01
 0.424E+00  -0.389E-01
 0.183E+00  -0.742E-02
 0.346E-01  -0.614E-03
 0.286E-02  -0.387E-04
 0.180E-03  -0.237E-05
 0.111E-04  -0.145E-06
 0.677E-06  -0.891E-08
 0.415E-07  -0.546E-09
 0.254E-08  -0.334E-10
 0.156E-09  -0.205E-11
 0.954E-11  -0.126E-12
 0.584E-12  -0.766E-14
 0.357E-13  -0.444E-15
 0.200E-14  -0.111E-15
-0.408E+01   0.000E+00

 0.8 Phiinf calculation residuals
 0.940E+03   0.785E+00
-0.737E+03   0.785E+00
-0.159E+03   0.785E+00
-0.341E+02   0.785E+00
 0.201E+01  -0.147E+00
-0.619E+01   0.156E+00
 0.561E+00  -0.378E-01
 0.116E+00  -0.592E-02
 0.175E-01  -0.832E-03
 0.245E-02  -0.115E-03
 0.339E-03  -0.159E-04
 0.469E-04  -0.220E-05
 0.647E-05  -0.303E-06
 0.893E-06  -0.418E-07
 0.123E-06  -0.578E-08
 0.170E-07  -0.797E-09
 0.235E-08  -0.110E-09
 0.324E-09  -0.152E-10
 0.448E-10  -0.210E-11
 0.618E-11  -0.290E-12
 0.853E-12  -0.400E-13
 0.118E-12  -0.555E-14
 0.163E-13  -0.777E-15
 0.233E-14  -0.111E-15
-0.460E+00   0.000E+00

 0.8 Phi calculation residuals
 0.283E+04   0.840E+00
-0.238E+04   0.840E+00
-0.380E+03   0.840E+00
-0.608E+02   0.840E+00
 0.185E+01  -0.144E+00
-0.830E+01   0.750E-01
 0.937E+00  -0.469E-01
 0.188E+00  -0.674E-02
 0.247E-01  -0.813E-03
 0.295E-02  -0.959E-04
 0.348E-03  -0.113E-04
 0.409E-04  -0.133E-05
 0.482E-05  -0.156E-06
 0.566E-06  -0.184E-07
 0.666E-07  -0.216E-08
 0.784E-08  -0.254E-09
 0.922E-09  -0.299E-10
 0.108E-09  -0.352E-11
 0.128E-10  -0.414E-12
 0.150E-11  -0.486E-13
 0.176E-12  -0.577E-14
 0.210E-13  -0.666E-15
 0.244E-14  -0.111E-15
-0.272E+00   0.000E+00

 0.2 Phisup calculation residuals
 0.298E+01   0.144E+00
-0.457E+00   0.596E-01
-0.169E+00   0.162E-01
-0.443E-01   0.366E-02
-0.993E-02   0.786E-03
-0.213E-02   0.167E-03
-0.451E-03   0.353E-04
-0.956E-04   0.747E-05
-0.202E-04   0.158E-05
-0.428E-05   0.334E-06
-0.905E-06   0.707E-07
-0.191E-06   0.149E-07
-0.405E-07   0.316E-08
-0.856E-08   0.669E-09
-0.181E-08   0.141E-09
-0.383E-09   0.299E-10
-0.810E-10   0.633E-11
-0.171E-10   0.134E-11
-0.363E-11   0.283E-12
-0.767E-12   0.599E-13
-0.162E-12   0.127E-13
-0.344E-13   0.269E-14
-0.744E-14   0.527E-15
-0.144E-14   0.139E-15
-0.444E-15   0.000E+00

 0.2 Phiinf calculation residuals
 0.103E+01  -0.272E-02
 0.800E-02  -0.843E-03
 0.248E-02  -0.264E-03
 0.778E-03  -0.828E-04
 0.244E-03  -0.260E-04
 0.767E-04  -0.817E-05
 0.241E-04  -0.257E-05
 0.757E-05  -0.807E-06
 0.238E-05  -0.254E-06
 0.747E-06  -0.797E-07
 0.235E-06  -0.250E-07
 0.738E-07  -0.787E-08
 0.232E-07  -0.247E-08
 0.729E-08  -0.777E-09
 0.229E-08  -0.244E-09
 0.720E-09  -0.767E-10
 0.226E-09  -0.241E-10
 0.711E-10  -0.758E-11
 0.223E-10  -0.238E-11
 0.702E-11  -0.748E-12
 0.220E-11  -0.235E-12
 0.693E-12  -0.739E-13
 0.218E-12  -0.232E-13
 0.684E-13  -0.733E-14
 0.215E-13  -0.230E-14
 0.688E-14  -0.722E-15
 0.222E-14  -0.167E-15
 0.444E-15  -0.111E-15

 0.2 Phi calculation residuals
 0.227E+01   0.585E-01
-0.176E+00   0.237E-01
-0.682E-01   0.825E-02
-0.234E-01   0.269E-02
-0.759E-02   0.859E-03
-0.242E-02   0.272E-03
-0.766E-03   0.861E-04
-0.242E-03   0.272E-04
-0.765E-04   0.859E-05
-0.242E-04   0.271E-05
-0.763E-05   0.857E-06
-0.241E-05   0.271E-06
-0.761E-06   0.854E-07
-0.240E-06   0.270E-07
-0.759E-07   0.852E-08
-0.240E-07   0.269E-08
-0.757E-08   0.850E-09
-0.239E-08   0.268E-09
-0.755E-09   0.848E-10
-0.238E-09   0.268E-10
-0.753E-10   0.846E-11
-0.238E-10   0.267E-11
-0.751E-11   0.843E-12
-0.237E-11   0.266E-12
-0.749E-12   0.841E-13
-0.237E-12   0.266E-13
-0.748E-13   0.833E-14
-0.233E-13   0.269E-14
-0.766E-14   0.805E-15
-0.222E-14   0.278E-15
-0.777E-15   0.833E-16
COMPONENT  3 GRAINSIZE ANALYSIS RESULTS

phi50 =  2.57599   d50 (mm) =  0.16771
phi84 =  4.27178   d84 (mm) =  0.05177
phi16 =  0.58927   d16 (mm) =  0.66468
sigma =  1.84125

****** GRAINSIZE DISTRIBUTION PARAMETERS CALCULATION FOR COMPONENT  4 *******

 ***GRAINSIZE ANALYSIS CALCULATIONS***

 0.5 Phisup calculation residuals
 0.359E+03   0.527E+00
-0.189E+03   0.527E+00
-0.891E+02   0.527E+00
-0.421E+02   0.527E+00
-0.199E+02   0.527E+00
-0.937E+01   0.527E+00
-0.442E+01   0.358E+00
 0.225E+01  -0.246E+00
-0.101E+01   0.540E-02
 0.681E+00  -0.544E-03
 0.137E-02  -0.237E-06
 0.595E-06  -0.103E-09
 0.258E-09  -0.444E-13
-0.136E-01   0.000E+00

 0.5 Phiinf calculation residuals
 0.104E+03   0.379E+00
-0.392E+02   0.379E+00
-0.243E+02   0.379E+00
-0.150E+02   0.379E+00
-0.927E+01   0.379E+00
-0.573E+01   0.379E+00
-0.354E+01   0.379E+00
-0.219E+01   0.233E+00
 0.258E+01  -0.906E-01
-0.702E+00   0.157E-01
-0.404E-01   0.442E-03
-0.113E-02   0.117E-04
-0.299E-04   0.308E-06
-0.788E-06   0.812E-08
-0.208E-07   0.214E-09
-0.548E-09   0.564E-11
-0.144E-10   0.149E-12
-0.380E-12   0.394E-14
-0.101E-13   0.555E-16
-0.167E-15   0.000E+00

 0.5 Phi calculation residuals
 0.224E+03   0.500E+00
-0.112E+03   0.500E+00
-0.558E+02   0.500E+00
-0.279E+02   0.500E+00
-0.139E+02   0.500E+00
-0.695E+01   0.500E+00
-0.347E+01   0.177E+00
 0.255E+01  -0.172E+00
-0.458E+00   0.162E-03
 0.447E+00  -0.539E-05
-0.405E-03   0.143E-12
-0.358E-12   0.000E+00

 0.8 Phisup calculation residuals
 0.294E+05   0.901E+00
-0.265E+05   0.901E+00
-0.263E+04   0.901E+00
-0.261E+03   0.901E+00
 0.286E+01  -0.484E-01
-0.246E+02   0.278E+00
 0.196E+00  -0.243E-01
 0.906E-01  -0.106E-01
 0.382E-01  -0.434E-02
 0.153E-01  -0.172E-02
 0.604E-02  -0.674E-03
 0.236E-02  -0.263E-03
 0.921E-03  -0.102E-03
 0.358E-03  -0.398E-04
 0.139E-03  -0.155E-04
 0.542E-04  -0.603E-05
 0.211E-04  -0.234E-05
 0.820E-05  -0.911E-06
 0.319E-05  -0.354E-06
 0.124E-05  -0.138E-06
 0.482E-06  -0.536E-07
 0.187E-06  -0.208E-07
 0.729E-07  -0.810E-08
 0.284E-07  -0.315E-08
 0.110E-07  -0.123E-08
 0.429E-08  -0.477E-09
 0.167E-08  -0.185E-09
 0.648E-09  -0.721E-10
 0.252E-09  -0.280E-10
 0.980E-10  -0.109E-10
 0.381E-10  -0.424E-11
 0.148E-10  -0.165E-11
 0.577E-11  -0.641E-12
 0.224E-11  -0.249E-12
 0.872E-12  -0.969E-13
 0.339E-12  -0.376E-13
 0.132E-12  -0.147E-13
 0.513E-13  -0.566E-14
 0.198E-13  -0.222E-14
 0.777E-14  -0.888E-15
 0.311E-14  -0.333E-15
 0.111E-14  -0.222E-15
-0.973E+00   0.000E+00

 0.8 Phiinf calculation residuals
 0.570E+04   0.821E+00
-0.468E+04   0.821E+00
-0.837E+03   0.821E+00
-0.150E+03   0.821E+00
-0.267E+02   0.787E+00
 0.108E+01  -0.177E+00
 0.872E+00  -0.159E+00
 0.650E+00  -0.981E-01
 0.357E+00  -0.303E-01
 0.106E+00  -0.433E-02
 0.151E-01  -0.416E-03
 0.145E-02  -0.373E-04
 0.130E-03  -0.332E-05
 0.116E-04  -0.295E-06
 0.103E-05  -0.263E-07
 0.916E-07  -0.234E-08
 0.816E-08  -0.208E-09
 0.726E-09  -0.185E-10
 0.646E-10  -0.165E-11
 0.575E-11  -0.147E-12
 0.512E-12  -0.130E-13
 0.453E-13  -0.111E-14
 0.389E-14  -0.222E-15
-0.274E+01   0.000E+00

 0.8 Phi calculation residuals
 0.257E+05   0.840E+00
-0.216E+05   0.840E+00
-0.346E+04   0.840E+00
-0.553E+03   0.840E+00
-0.885E+02   0.840E+00
 0.270E+01  -0.124E+00
-0.123E+02   0.349E+00
 0.480E+00  -0.672E-01
 0.218E+00  -0.257E-01
 0.775E-01  -0.823E-02
 0.242E-01  -0.247E-02
 0.721E-02  -0.724E-03
 0.211E-02  -0.211E-03
 0.615E-03  -0.614E-04
 0.179E-03  -0.179E-04
 0.521E-04  -0.520E-05
 0.152E-04  -0.151E-05
 0.441E-05  -0.440E-06
 0.128E-05  -0.128E-06
 0.373E-06  -0.372E-07
 0.108E-06  -0.108E-07
 0.315E-07  -0.315E-08
 0.918E-08  -0.916E-09
 0.267E-08  -0.266E-09
 0.776E-09  -0.775E-10
 0.226E-09  -0.225E-10
 0.657E-10  -0.655E-11
 0.191E-10  -0.191E-11
 0.556E-11  -0.555E-12
 0.162E-11  -0.161E-12
 0.470E-12  -0.470E-13
 0.137E-12  -0.137E-13
 0.397E-13  -0.389E-14
 0.113E-13  -0.122E-14
 0.355E-14  -0.333E-15
 0.999E-15  -0.111E-15

 0.2 Phisup calculation residuals
 0.353E+02   0.244E+00
-0.854E+01   0.244E+00
-0.641E+01   0.244E+00
-0.482E+01   0.244E+00
-0.362E+01   0.244E+00
-0.271E+01   0.244E+00
-0.204E+01   0.244E+00
-0.153E+01   0.239E+00
-0.113E+01   0.174E+00
-0.666E+00   0.351E-01
 0.268E+01  -0.361E-02
-0.116E+00   0.155E-03
-0.494E-03   0.616E-06
-0.196E-05   0.244E-08
-0.776E-08   0.968E-11
-0.308E-10   0.384E-13
-0.122E-12   0.139E-15
-0.444E-15   0.278E-16

 0.2 Phiinf calculation residuals
 0.139E+02   0.154E+00
-0.213E+01   0.154E+00
-0.177E+01   0.154E+00
-0.148E+01   0.154E+00
-0.124E+01   0.154E+00
-0.103E+01   0.154E+00
-0.860E+00   0.152E+00
-0.710E+00   0.138E+00
-0.547E+00   0.982E-01
-0.346E+00   0.472E-01
-0.157E+00   0.154E-01
-0.503E-01   0.401E-02
-0.130E-01   0.958E-03
-0.310E-02   0.224E-03
-0.723E-03   0.519E-04
-0.168E-03   0.120E-04
-0.389E-04   0.279E-05
-0.902E-05   0.647E-06
-0.209E-05   0.150E-06
-0.485E-06   0.348E-07
-0.112E-06   0.805E-08
-0.260E-07   0.187E-08
-0.604E-08   0.433E-09
-0.140E-08   0.100E-09
-0.324E-09   0.232E-10
-0.752E-10   0.539E-11
-0.174E-10   0.125E-11
-0.404E-11   0.290E-12
-0.936E-12   0.671E-13
-0.217E-12   0.156E-13
-0.506E-13   0.352E-14
-0.115E-13   0.777E-15
-0.266E-14   0.167E-15
-0.666E-15   0.000E+00

 0.2 Phi calculation residuals
 0.252E+02   0.160E+00
-0.404E+01   0.160E+00
-0.338E+01   0.160E+00
-0.283E+01   0.160E+00
-0.237E+01   0.160E+00
-0.198E+01   0.160E+00
-0.165E+01   0.160E+00
-0.138E+01   0.160E+00
-0.116E+01   0.160E+00
-0.967E+00   0.158E+00
-0.802E+00   0.144E+00
-0.620E+00   0.958E-01
-0.369E+00   0.352E-01
-0.130E+00   0.641E-02
-0.235E-01   0.774E-03
-0.284E-02   0.851E-04
-0.312E-03   0.925E-05
-0.339E-04   0.100E-05
-0.368E-05   0.109E-06
-0.399E-06   0.118E-07
-0.433E-07   0.128E-08
-0.469E-08   0.139E-09
-0.509E-09   0.151E-10
-0.553E-10   0.164E-11
-0.599E-11   0.178E-12
-0.650E-12   0.193E-13
-0.709E-13   0.208E-14
-0.744E-14   0.250E-15
-0.777E-15   0.555E-16
COMPONENT  4 GRAINSIZE ANALYSIS RESULTS

phi50 =  3.40892   d50 (mm) =  0.09415
phi84 =  4.60213   d84 (mm) =  0.04117
phi16 =  2.03641   d16 (mm) =  0.24377
sigma =  1.28286

 Chi tabulated calculation residuals
 0.100E+02   0.500E-01
 0.950E+01   0.500E-01
 0.902E+01   0.500E-01
 0.857E+01   0.500E-01
 0.815E+01   0.500E-01
 0.774E+01   0.500E-01
 0.735E+01   0.500E-01
 0.698E+01   0.500E-01
 0.663E+01   0.500E-01
 0.630E+01   0.500E-01
 0.599E+01   0.500E-01
 0.569E+01   0.500E-01
 0.540E+01   0.500E-01
 0.513E+01   0.500E-01
 0.488E+01   0.500E-01
 0.463E+01   0.500E-01
 0.440E+01   0.500E-01
 0.418E+01   0.500E-01
 0.397E+01   0.500E-01
 0.377E+01   0.500E-01
 0.358E+01   0.500E-01
 0.341E+01   0.500E-01
 0.324E+01   0.500E-01
 0.307E+01   0.500E-01
 0.292E+01   0.500E-01
 0.277E+01   0.500E-01
 0.264E+01   0.500E-01
 0.250E+01   0.500E-01
 0.238E+01   0.500E-01
 0.226E+01   0.500E-01
 0.215E+01   0.500E-01
 0.204E+01   0.500E-01
 0.194E+01   0.500E-01
 0.184E+01   0.500E-01
 0.175E+01   0.500E-01
 0.166E+01   0.500E-01
 0.158E+01   0.499E-01
 0.150E+01   0.498E-01
 0.142E+01   0.497E-01
 0.134E+01   0.494E-01
 0.127E+01   0.490E-01
 0.120E+01   0.485E-01
 0.113E+01   0.476E-01
 0.105E+01   0.463E-01
 0.979E+00   0.446E-01
 0.901E+00   0.424E-01
 0.819E+00   0.396E-01
 0.734E+00   0.362E-01
 0.648E+00   0.325E-01
 0.562E+00   0.285E-01
 0.478E+00   0.244E-01
 0.399E+00   0.204E-01
 0.327E+00   0.167E-01
 0.263E+00   0.134E-01
 0.208E+00   0.106E-01
 0.163E+00   0.828E-02
 0.126E+00   0.639E-02
 0.966E-01   0.488E-02
 0.735E-01   0.371E-02
 0.556E-01   0.280E-02
 0.418E-01   0.211E-02
 0.314E-01   0.158E-02
 0.235E-01   0.118E-02
 0.175E-01   0.880E-03
 0.131E-01   0.656E-03
 0.973E-02   0.488E-03
 0.724E-02   0.363E-03
 0.539E-02   0.270E-03
 0.400E-02   0.201E-03
 0.297E-02   0.149E-03
 0.221E-02   0.111E-03
 0.164E-02   0.823E-04
 0.122E-02   0.611E-04
 0.905E-03   0.454E-04
 0.672E-03   0.337E-04
 0.499E-03   0.250E-04
 0.370E-03   0.186E-04
 0.275E-03   0.138E-04
 0.204E-03   0.102E-04
 0.151E-03   0.759E-05
 0.112E-03   0.563E-05
 0.834E-04   0.418E-05
 0.619E-04   0.310E-05
 0.460E-04   0.230E-05
 0.341E-04   0.171E-05
 0.253E-04   0.127E-05
 0.188E-04   0.942E-06
 0.140E-04   0.700E-06
 0.104E-04   0.519E-06
 0.769E-05   0.385E-06
 0.571E-05   0.286E-06
 0.424E-05   0.212E-06
 0.314E-05   0.158E-06
 0.233E-05   0.117E-06
 0.173E-05   0.868E-07
 0.129E-05   0.645E-07
 0.954E-06   0.478E-07
 0.708E-06   0.355E-07
 0.526E-06   0.264E-07
 0.390E-06   0.196E-07
 0.290E-06   0.145E-07
 0.215E-06   0.108E-07
 0.160E-06   0.800E-08
 0.118E-06   0.594E-08
 0.879E-07   0.441E-08
 0.653E-07   0.327E-08
 0.485E-07   0.243E-08
 0.360E-07   0.180E-08
 0.267E-07   0.134E-08
 0.198E-07   0.993E-09
 0.147E-07   0.737E-09
 0.109E-07   0.547E-09
 0.810E-08   0.406E-09
 0.602E-08   0.302E-09
 0.446E-08   0.224E-09
 0.331E-08   0.166E-09
 0.246E-08   0.123E-09
 0.183E-08   0.915E-10
 0.136E-08   0.679E-10
 0.101E-08   0.504E-10
 0.747E-09   0.374E-10
 0.554E-09   0.278E-10
 0.411E-09   0.206E-10
 0.305E-09   0.153E-10
 0.227E-09   0.114E-10
 0.168E-09   0.843E-11
 0.125E-09   0.626E-11
 0.927E-10   0.465E-11
 0.688E-10   0.345E-11
 0.511E-10   0.256E-11
 0.379E-10   0.190E-11
 0.281E-10   0.141E-11
 0.209E-10   0.105E-11
 0.155E-10   0.777E-12
 0.115E-10   0.577E-12
 0.854E-11   0.428E-12
 0.634E-11   0.318E-12
 0.471E-11   0.236E-12
 0.349E-11   0.175E-12
 0.259E-11   0.130E-12
 0.193E-11   0.965E-13
 0.143E-11   0.717E-13
 0.106E-11   0.532E-13
 0.787E-12   0.395E-13
 0.584E-12   0.293E-13
 0.433E-12   0.218E-13
 0.322E-12   0.162E-13
 0.240E-12   0.120E-13
 0.178E-12   0.895E-14
 0.131E-12   0.666E-14
 0.977E-13   0.497E-14
 0.728E-13   0.371E-14
 0.551E-13   0.273E-14
 0.409E-13   0.203E-14
 0.302E-13   0.151E-14
 0.213E-13   0.113E-14
 0.160E-13   0.826E-15
 0.124E-13   0.625E-15
 0.888E-14   0.444E-15
 0.533E-14   0.361E-15
 0.533E-14   0.250E-15
 0.355E-14   0.194E-15
 0.178E-14   0.173E-15
 0.178E-14   0.146E-15
 0.178E-14   0.125E-15
 0.178E-14   0.902E-16
 0.178E-14   0.694E-16
 0.000E+00   0.694E-16
 Chi tabulated calculation residuals
 0.100E+02   0.500E-01
 0.950E+01   0.500E-01
 0.902E+01   0.500E-01
 0.857E+01   0.500E-01
 0.815E+01   0.500E-01
 0.774E+01   0.500E-01
 0.735E+01   0.500E-01
 0.698E+01   0.500E-01
 0.663E+01   0.500E-01
 0.630E+01   0.500E-01
 0.599E+01   0.500E-01
 0.569E+01   0.500E-01
 0.540E+01   0.500E-01
 0.513E+01   0.500E-01
 0.488E+01   0.500E-01
 0.463E+01   0.500E-01
 0.440E+01   0.500E-01
 0.418E+01   0.500E-01
 0.397E+01   0.500E-01
 0.377E+01   0.500E-01
 0.358E+01   0.500E-01
 0.341E+01   0.500E-01
 0.324E+01   0.500E-01
 0.307E+01   0.500E-01
 0.292E+01   0.500E-01
 0.277E+01   0.500E-01
 0.264E+01   0.500E-01
 0.250E+01   0.500E-01
 0.238E+01   0.500E-01
 0.226E+01   0.500E-01
 0.215E+01   0.500E-01
 0.204E+01   0.500E-01
 0.194E+01   0.500E-01
 0.184E+01   0.499E-01
 0.175E+01   0.499E-01
 0.166E+01   0.498E-01
 0.157E+01   0.496E-01
 0.149E+01   0.492E-01
 0.140E+01   0.487E-01
 0.132E+01   0.478E-01
 0.123E+01   0.465E-01
 0.115E+01   0.446E-01
 0.105E+01   0.422E-01
 0.950E+00   0.390E-01
 0.844E+00   0.352E-01
 0.735E+00   0.310E-01
 0.625E+00   0.264E-01
 0.519E+00   0.219E-01
 0.421E+00   0.177E-01
 0.334E+00   0.139E-01
 0.259E+00   0.107E-01
 0.197E+00   0.811E-02
 0.148E+00   0.605E-02
 0.110E+00   0.446E-02
 0.804E-01   0.326E-02
 0.586E-01   0.237E-02
 0.425E-01   0.171E-02
 0.307E-01   0.124E-02
 0.221E-01   0.889E-03
 0.159E-01   0.638E-03
 0.114E-01   0.457E-03
 0.815E-02   0.327E-03
 0.584E-02   0.234E-03
 0.417E-02   0.168E-03
 0.299E-02   0.120E-03
 0.213E-02   0.856E-04
 0.153E-02   0.612E-04
 0.109E-02   0.437E-04
 0.779E-03   0.313E-04
 0.557E-03   0.223E-04
 0.398E-03   0.160E-04
 0.284E-03   0.114E-04
 0.203E-03   0.814E-05
 0.145E-03   0.582E-05
 0.104E-03   0.416E-05
 0.740E-04   0.297E-05
 0.529E-04   0.212E-05
 0.378E-04   0.152E-05
 0.270E-04   0.108E-05
 0.193E-04   0.774E-06
 0.138E-04   0.553E-06
 0.984E-05   0.395E-06
 0.703E-05   0.282E-06
 0.502E-05   0.201E-06
 0.359E-05   0.144E-06
 0.256E-05   0.103E-06
 0.183E-05   0.735E-07
 0.131E-05   0.525E-07
 0.935E-06   0.375E-07
 0.668E-06   0.268E-07
 0.477E-06   0.191E-07
 0.341E-06   0.137E-07
 0.243E-06   0.976E-08
 0.174E-06   0.698E-08
 0.124E-06   0.498E-08
 0.888E-07   0.356E-08
 0.634E-07   0.254E-08
 0.453E-07   0.182E-08
 0.324E-07   0.130E-08
 0.231E-07   0.927E-09
 0.165E-07   0.662E-09
 0.118E-07   0.473E-09
 0.843E-08   0.338E-09
 0.602E-08   0.242E-09
 0.430E-08   0.173E-09
 0.307E-08   0.123E-09
 0.220E-08   0.881E-10
 0.157E-08   0.629E-10
 0.112E-08   0.449E-10
 0.800E-09   0.321E-10
 0.572E-09   0.229E-10
 0.408E-09   0.164E-10
 0.292E-09   0.117E-10
 0.208E-09   0.836E-11
 0.149E-09   0.597E-11
 0.106E-09   0.427E-11
 0.760E-10   0.305E-11
 0.543E-10   0.218E-11
 0.388E-10   0.156E-11
 0.277E-10   0.111E-11
 0.198E-10   0.794E-12
 0.141E-10   0.567E-12
 0.101E-10   0.405E-12
 0.722E-11   0.290E-12
 0.515E-11   0.207E-12
 0.368E-11   0.148E-12
 0.263E-11   0.106E-12
 0.188E-11   0.755E-13
 0.134E-11   0.539E-13
 0.959E-12   0.386E-13
 0.686E-12   0.276E-13
 0.490E-12   0.197E-13
 0.352E-12   0.140E-13
 0.249E-12   0.999E-14
 0.178E-12   0.715E-14
 0.128E-12   0.509E-14
 0.888E-13   0.367E-14
 0.639E-13   0.262E-14
 0.462E-13   0.188E-14
 0.320E-13   0.138E-14
 0.249E-13   0.965E-15
 0.178E-13   0.701E-15
 0.107E-13   0.513E-15
 0.711E-14   0.396E-15
 0.711E-14   0.284E-15
 0.355E-14   0.243E-15
 0.355E-14   0.194E-15
 0.355E-14   0.132E-15
 0.355E-14   0.694E-16
 0.000E+00   0.694E-16
 Chi tabulated calculation residuals
 0.100E+02   0.500E-01
 0.950E+01   0.500E-01
 0.902E+01   0.500E-01
 0.857E+01   0.500E-01
 0.815E+01   0.500E-01
 0.774E+01   0.500E-01
 0.735E+01   0.500E-01
 0.698E+01   0.500E-01
 0.663E+01   0.500E-01
 0.630E+01   0.500E-01
 0.599E+01   0.500E-01
 0.569E+01   0.500E-01
 0.540E+01   0.500E-01
 0.513E+01   0.500E-01
 0.488E+01   0.500E-01
 0.463E+01   0.500E-01
 0.440E+01   0.500E-01
 0.418E+01   0.500E-01
 0.397E+01   0.500E-01
 0.377E+01   0.500E-01
 0.358E+01   0.500E-01
 0.341E+01   0.500E-01
 0.324E+01   0.500E-01
 0.307E+01   0.500E-01
 0.292E+01   0.500E-01
 0.277E+01   0.500E-01
 0.264E+01   0.500E-01
 0.250E+01   0.500E-01
 0.238E+01   0.500E-01
 0.226E+01   0.500E-01
 0.215E+01   0.500E-01
 0.204E+01   0.500E-01
 0.194E+01   0.500E-01
 0.184E+01   0.499E-01
 0.175E+01   0.499E-01
 0.166E+01   0.498E-01
 0.157E+01   0.496E-01
 0.149E+01   0.492E-01
 0.140E+01   0.487E-01
 0.132E+01   0.478E-01
 0.123E+01   0.465E-01
 0.115E+01   0.446E-01
 0.105E+01   0.422E-01
 0.950E+00   0.390E-01
 0.844E+00   0.352E-01
 0.735E+00   0.310E-01
 0.625E+00   0.264E-01
 0.519E+00   0.219E-01
 0.421E+00   0.177E-01
 0.334E+00   0.139E-01
 0.259E+00   0.107E-01
 0.197E+00   0.811E-02
 0.148E+00   0.605E-02
 0.110E+00   0.446E-02
 0.804E-01   0.326E-02
 0.586E-01   0.237E-02
 0.425E-01   0.171E-02
 0.307E-01   0.124E-02
 0.221E-01   0.889E-03
 0.159E-01   0.638E-03
 0.114E-01   0.457E-03
 0.815E-02   0.327E-03
 0.584E-02   0.234E-03
 0.417E-02   0.168E-03
 0.299E-02   0.120E-03
 0.213E-02   0.856E-04
 0.153E-02   0.612E-04
 0.109E-02   0.437E-04
 0.779E-03   0.313E-04
 0.557E-03   0.223E-04
 0.398E-03   0.160E-04
 0.284E-03   0.114E-04
 0.203E-03   0.814E-05
 0.145E-03   0.582E-05
 0.104E-03   0.416E-05
 0.740E-04   0.297E-05
 0.529E-04   0.212E-05
 0.378E-04   0.152E-05
 0.270E-04   0.108E-05
 0.193E-04   0.774E-06
 0.138E-04   0.553E-06
 0.984E-05   0.395E-06
 0.703E-05   0.282E-06
 0.502E-05   0.201E-06
 0.359E-05   0.144E-06
 0.256E-05   0.103E-06
 0.183E-05   0.735E-07
 0.131E-05   0.525E-07
 0.935E-06   0.375E-07
 0.668E-06   0.268E-07
 0.477E-06   0.191E-07
 0.341E-06   0.137E-07
 0.243E-06   0.976E-08
 0.174E-06   0.698E-08
 0.124E-06   0.498E-08
 0.888E-07   0.356E-08
 0.634E-07   0.254E-08
 0.453E-07   0.182E-08
 0.324E-07   0.130E-08
 0.231E-07   0.927E-09
 0.165E-07   0.662E-09
 0.118E-07   0.473E-09
 0.843E-08   0.338E-09
 0.602E-08   0.242E-09
 0.430E-08   0.173E-09
 0.307E-08   0.123E-09
 0.220E-08   0.881E-10
 0.157E-08   0.629E-10
 0.112E-08   0.449E-10
 0.800E-09   0.321E-10
 0.572E-09   0.229E-10
 0.408E-09   0.164E-10
 0.292E-09   0.117E-10
 0.208E-09   0.836E-11
 0.149E-09   0.597E-11
 0.106E-09   0.427E-11
 0.760E-10   0.305E-11
 0.543E-10   0.218E-11
 0.388E-10   0.156E-11
 0.277E-10   0.111E-11
 0.198E-10   0.794E-12
 0.141E-10   0.567E-12
 0.101E-10   0.405E-12
 0.722E-11   0.290E-12
 0.515E-11   0.207E-12
 0.368E-11   0.148E-12
 0.263E-11   0.106E-12
 0.188E-11   0.755E-13
 0.134E-11   0.539E-13
 0.959E-12   0.386E-13
 0.686E-12   0.276E-13
 0.490E-12   0.197E-13
 0.352E-12   0.140E-13
 0.249E-12   0.999E-14
 0.178E-12   0.715E-14
 0.128E-12   0.509E-14
 0.888E-13   0.367E-14
 0.639E-13   0.262E-14
 0.462E-13   0.188E-14
 0.320E-13   0.138E-14
 0.249E-13   0.965E-15
 0.178E-13   0.701E-15
 0.107E-13   0.513E-15
 0.711E-14   0.396E-15
 0.711E-14   0.284E-15
 0.355E-14   0.243E-15
 0.355E-14   0.194E-15
 0.355E-14   0.132E-15
 0.355E-14   0.694E-16
 0.000E+00   0.694E-16
 Chi tabulated calculation residuals
 0.100E+02   0.500E-01
 0.950E+01   0.500E-01
 0.902E+01   0.500E-01
 0.857E+01   0.500E-01
 0.815E+01   0.500E-01
 0.774E+01   0.500E-01
 0.735E+01   0.500E-01
 0.698E+01   0.500E-01
 0.663E+01   0.500E-01
 0.630E+01   0.500E-01
 0.599E+01   0.500E-01
 0.569E+01   0.500E-01
 0.540E+01   0.500E-01
 0.513E+01   0.500E-01
 0.488E+01   0.500E-01
 0.463E+01   0.500E-01
 0.440E+01   0.500E-01
 0.418E+01   0.500E-01
 0.397E+01   0.500E-01
 0.377E+01   0.500E-01
 0.358E+01   0.500E-01
 0.341E+01   0.500E-01
 0.324E+01   0.500E-01
 0.307E+01   0.500E-01
 0.292E+01   0.500E-01
 0.277E+01   0.500E-01
 0.264E+01   0.500E-01
 0.250E+01   0.500E-01
 0.238E+01   0.500E-01
 0.226E+01   0.500E-01
 0.215E+01   0.500E-01
 0.204E+01   0.500E-01
 0.194E+01   0.500E-01
 0.184E+01   0.500E-01
 0.175E+01   0.500E-01
 0.166E+01   0.500E-01
 0.158E+01   0.500E-01
 0.150E+01   0.499E-01
 0.142E+01   0.499E-01
 0.135E+01   0.497E-01
 0.128E+01   0.496E-01
 0.121E+01   0.493E-01
 0.114E+01   0.488E-01
 0.108E+01   0.482E-01
 0.101E+01   0.472E-01
 0.946E+00   0.459E-01
 0.877E+00   0.442E-01
 0.806E+00   0.419E-01
 0.733E+00   0.392E-01
 0.659E+00   0.360E-01
 0.583E+00   0.325E-01
 0.508E+00   0.287E-01
 0.436E+00   0.248E-01
 0.368E+00   0.211E-01
 0.305E+00   0.176E-01
 0.250E+00   0.144E-01
 0.201E+00   0.116E-01
 0.161E+00   0.925E-02
 0.127E+00   0.730E-02
 0.992E-01   0.570E-02
 0.771E-01   0.443E-02
 0.596E-01   0.342E-02
 0.459E-01   0.263E-02
 0.352E-01   0.201E-02
 0.269E-01   0.154E-02
 0.205E-01   0.117E-02
 0.156E-01   0.894E-03
 0.119E-01   0.680E-03
 0.904E-02   0.517E-03
 0.686E-02   0.393E-03
 0.521E-02   0.298E-03
 0.395E-02   0.226E-03
 0.300E-02   0.172E-03
 0.227E-02   0.130E-03
 0.172E-02   0.986E-04
 0.131E-02   0.748E-04
 0.991E-03   0.567E-04
 0.751E-03   0.430E-04
 0.570E-03   0.326E-04
 0.432E-03   0.247E-04
 0.327E-03   0.187E-04
 0.248E-03   0.142E-04
 0.188E-03   0.107E-04
 0.142E-03   0.814E-05
 0.108E-03   0.617E-05
 0.818E-04   0.468E-05
 0.620E-04   0.354E-05
 0.470E-04   0.269E-05
 0.356E-04   0.203E-05
 0.270E-04   0.154E-05
 0.204E-04   0.117E-05
 0.155E-04   0.886E-06
 0.117E-04   0.671E-06
 0.889E-05   0.509E-06
 0.674E-05   0.385E-06
 0.511E-05   0.292E-06
 0.387E-05   0.221E-06
 0.293E-05   0.168E-06
 0.222E-05   0.127E-06
 0.168E-05   0.963E-07
 0.128E-05   0.730E-07
 0.967E-06   0.553E-07
 0.733E-06   0.419E-07
 0.555E-06   0.318E-07
 0.421E-06   0.241E-07
 0.319E-06   0.182E-07
 0.242E-06   0.138E-07
 0.183E-06   0.105E-07
 0.139E-06   0.794E-08
 0.105E-06   0.601E-08
 0.797E-07   0.456E-08
 0.604E-07   0.345E-08
 0.458E-07   0.262E-08
 0.347E-07   0.198E-08
 0.263E-07   0.150E-08
 0.199E-07   0.114E-08
 0.151E-07   0.863E-09
 0.114E-07   0.654E-09
 0.867E-08   0.496E-09
 0.657E-08   0.376E-09
 0.498E-08   0.285E-09
 0.377E-08   0.216E-09
 0.286E-08   0.163E-09
 0.217E-08   0.124E-09
 0.164E-08   0.939E-10
 0.124E-08   0.711E-10
 0.943E-09   0.539E-10
 0.715E-09   0.409E-10
 0.541E-09   0.310E-10
 0.410E-09   0.235E-10
 0.311E-09   0.178E-10
 0.236E-09   0.135E-10
 0.179E-09   0.102E-10
 0.135E-09   0.774E-11
 0.103E-09   0.586E-11
 0.777E-10   0.444E-11
 0.589E-10   0.337E-11
 0.446E-10   0.255E-11
 0.338E-10   0.193E-11
 0.256E-10   0.147E-11
 0.194E-10   0.111E-11
 0.147E-10   0.841E-12
 0.112E-10   0.638E-12
 0.845E-11   0.483E-12
 0.640E-11   0.366E-12
 0.485E-11   0.277E-12
 0.368E-11   0.210E-12
 0.279E-11   0.159E-12
 0.211E-11   0.121E-12
 0.160E-11   0.916E-13
 0.121E-11   0.694E-13
 0.920E-12   0.526E-13
 0.696E-12   0.398E-13
 0.528E-12   0.302E-13
 0.400E-12   0.229E-13
 0.304E-12   0.173E-13
 0.229E-12   0.131E-13
 0.174E-12   0.994E-14
 0.131E-12   0.754E-14
 0.995E-13   0.572E-14
 0.746E-13   0.435E-14
 0.568E-13   0.338E-14
 0.444E-13   0.256E-14
 0.338E-13   0.195E-14
 0.249E-13   0.152E-14
 0.195E-13   0.113E-14
 0.142E-13   0.881E-15
 0.107E-13   0.694E-15
 0.888E-14   0.534E-15
 0.711E-14   0.416E-15
 0.533E-14   0.312E-15
 0.355E-14   0.250E-15
 0.355E-14   0.180E-15
 0.178E-14   0.153E-15
 0.178E-14   0.118E-15
 0.178E-14   0.763E-16
 0.000E+00   0.763E-16
Two component method
Cd1 =    1.641
Cd/d(2 kg/m^3) =   4061.8023 Cd/d(100 kg/m^3) =   3995.5120

ush^2(2kg/m^3) =  3.4506 ush^2(100 kg/m^3) =  0.0669

Cd/d avg =   4057.8406 Cd2 =  2.0655

d2mod (m) =  0.0005 d2mod (phi)  0.9743

 
 T tabulated calculation residuals
-0.400E+03   0.500E-01
-0.380E+03   0.500E-01
-0.190E+03   0.500E-01
-0.950E+02   0.500E-01
-0.475E+02   0.500E-01
-0.237E+02   0.500E-01
-0.119E+02   0.500E-01
-0.594E+01   0.500E-01
-0.297E+01   0.500E-01
-0.148E+01   0.404E-01
-0.742E+00   0.404E-01
-0.541E+00   0.285E-01
 0.270E+00  -0.111E-01
-0.756E-01   0.406E-02
-0.553E-01   0.381E-03
 0.203E-02  -0.192E-05
-0.102E-04   0.678E-08
-0.101E-04   0.120E-12
-0.101E-04   0.625E-16
-0.666E-15   0.625E-16
Test t OK at a significance level = 0.50E-01

Denmod =  8.0261 Den norm =  5.9446 Cd/d norm =   4059.2107

ush^2 norm =  1.1595

Aleft = 4426.3564 Cd/d left =   3009.9223 Aright = 9303.9890 Cd/d right =   6326.7125

 ush^2 min calculation residuals
 0.300E+03  -0.165E+04
 0.300E+03  -0.480E+02
-0.608E-02   0.130E+01
 0.161E-03  -0.504E-04
 0.161E-03  -0.523E-10
-0.644E-14   0.455E-12
-0.333E-15   0.455E-12
 
 ush^2 max calculation residuals
 0.300E+03   0.110E+05
 0.299E+03   0.562E+02
-0.696E-02  -0.267E+00
 0.328E-04   0.280E-06
 0.328E-04   0.909E-12
 0.888E-15   0.909E-12
ush^2 min =  0.4176 ush^2 max =  2.7176

Cd/d(ush^2 min) =   4052.2760 Cd/d(ush^2 max) =   4061.4485

Den(Cd/d(ush^2 min)) = 16.4532 Den(Cd/d(ush^2 max)) =  2.5390

C 50th = 0.22038E-02 C 84th = 0.71055E-02 C 16th = 0.61527E-03

Htot 50th = 104.366 Htot 84th = 373.819 Htot 16th =  32.369

 Pns avg and z0 avg calculation residuals
 res_func_vals   190.52403468377756     
 res_func_vals   136.34610022496153     
 res_dx          6.8443613941724490E-002
 res_func_vals   70.393306570140382     
 res_dx          6.2650218796949653E-002
 res_func_vals   51.241965638668049     
 res_dx          6.2196651709812034E-002
 res_func_vals   24.722318235473146     
 res_dx          1.8616040736171957E-002
 res_func_vals   2.3763444018799715     
 res_dx          3.6792501302273184E-002
 res_func_vals   2.3237190830483421     
 res_dx          7.2741555028640215E-002
 res_func_vals   2.2162104963000751     
 res_dx          9.7687861737521420E-002
 res_func_vals   2.0689969548699114     
 res_dx         0.20620787965606396     
 res_func_vals   1.3634100014249988     
 res_dx         0.27386746942144691     
 res_func_vals  0.44133854376142073     
 res_dx         0.16761331624990827     
 res_func_vals   5.3495319721930522E-002
 res_dx          6.6945698252003971E-002
 res_func_vals   1.1104209216718343E-003
 res_dx          1.1418566392675435E-002
 res_func_vals   1.1994359749110256E-006
Pnsusp avg = 2.250 z0avg = 0.010391

 Pns max and z0 max calculation residuals
 res_func_vals   12.171737135886744     
 res_func_vals   12.152525571221007     
 res_dx         0.60156505322844567     
 res_func_vals   4.0046717997336740     
 res_dx         0.23588981201563128     
 res_func_vals  0.41676421589540807     
 res_dx          6.8380793362252126E-002
 res_func_vals   2.7347481099785270E-002
 res_dx          4.5246187206215122E-002
 res_func_vals   6.9403428962525916E-004
 res_dx          1.5928424463349675E-002
 res_func_vals   1.8643237208598729E-006
Pnsusp max = 3.276 z0max = 0.009297

 Pns min and z0 min calculation residuals
 res_func_vals  0.97899113959511208     
 res_func_vals  0.97239597151402313     
 res_dx         0.45082170460211179     
 res_func_vals  0.83669104265600180     
 res_dx         0.15259799427409323     
 res_func_vals  0.18550682469123841     
 res_dx          9.6489222363232180E-002
 res_func_vals   2.0708673653446204E-002
 res_dx          4.7656762347948543E-002
 res_func_vals   6.3208413127830592E-004
 res_dx          1.4607654263625331E-002
 res_func_vals   5.6306935487869351E-007
Pnsusp min = 1.696 z0min = 0.002940

 *******DEPOSITION RATES AND TIMES CALCULATION********
 ### AVERAGE SOLUTION ###
 Imput data summary
Total weight fraction = 1.000
Normalized layer thickness = 0.230
Flow density (kg/m^3) =   5.945
Flow shear velocity (m/s) =  1.077
Flow total thickness (m) =  104.366

 ### MAXIMUM SOLUTION ###
 Imput data summary
Total weight fraction = 1.000
Normalized layer thickness = 0.230
Flow density (kg/m^3) =   2.539
Flow shear velocity (m/s) =  1.649
Flow total thickness (m) =  373.819

 ### MINIMUM SOLUTION ###
 Imput data summary
Total weight fraction = 1.000
Normalized layer thickness = 0.230
Flow density (kg/m^3) =  16.453
Flow shear velocity (m/s) =  0.646
Flow total thickness (m) =   32.369

 ### User requested outputs ###
50th percentile specific 10m dynamic pressure (Pa)     464.753
84th percentile specific 10m dynamic pressure (Pa)     963.686
16th percentile specific 10m dynamic pressure (Pa)     147.578

50th percentile 2m particle concentration (-)       .52102E-05
84th percentile 2m particle concentration (-)       .13871E-07
16th percentile 2m particle concentration (-)       .11656E-04

 ###DEPOSITION RATE AND TIME CALCULATIONS
 Pdyn 10 m simmetrization exponent calc. residuals
 0.500E+01  -0.418E-10
 0.500E+01  -0.418E-10
 0.250E+01  -0.418E-10
 0.250E+01  -0.418E-10
 0.125E+01  -0.418E-10
 0.125E+01  -0.418E-10
 0.625E+00  -0.418E-10
 0.625E+00  -0.418E-10
 0.312E+00  -0.418E-10
 0.312E+00  -0.454E-10
 0.156E+00  -0.309E+00
 0.781E-01  -0.149E+00
 0.391E-01  -0.149E+00
 0.321E-01  -0.640E-01
-0.476E-02   0.737E-02
 0.492E-03  -0.525E-03
 0.459E-03  -0.388E-05
-0.243E-06   0.233E-10
-0.243E-06   0.265E-14
-0.361E-15   0.265E-14
Temp. simmetrization exponent   0.491

 C 2 m simmetrization exponent calc. residuals
-0.500E+01   0.462E-49
-0.500E+01   0.462E-49
-0.250E+01   0.207E-24
-0.125E+01   0.340E-12
 0.625E+00  -0.512E-09
-0.623E+00   0.183E-06
-0.623E+00   0.183E-06
-0.312E+00   0.183E-06
-0.311E+00   0.185E-06
-0.156E+00   0.146E-05
-0.778E-01   0.146E-05
-0.662E-01   0.137E-05
 0.331E-01  -0.436E-06
-0.799E-02   0.320E-06
-0.461E-02   0.340E-07
 0.373E-03  -0.445E-09
-0.483E-05   0.385E-11
-0.479E-05   0.430E-15
-0.479E-05   0.207E-21
-0.444E-15   0.207E-21
Temp. simmetrization exponent   0.857

 Density simmetrization exponent calc. residuals
 0.500E+01   0.167E-10
 0.250E+01   0.167E-10
 0.125E+01   0.167E-10
 0.625E+00   0.167E-10
 0.312E+00   0.167E-10
 0.156E+00   0.167E-10
 0.781E-01   0.167E-10
 0.391E-01   0.167E-10
 0.195E-01   0.167E-10
 0.977E-02   0.167E-10
 0.488E-02   0.167E-10
 0.244E-02   0.167E-10
 0.122E-02   0.167E-10
 0.610E-03   0.167E-10
 0.305E-03   0.167E-10
 0.153E-03   0.167E-10
 0.763E-04   0.167E-10
 0.381E-04   0.167E-10
 0.191E-04   0.167E-10
 0.954E-05   0.167E-10
 0.477E-05   0.167E-10
 0.238E-05   0.167E-10
 0.119E-05   0.167E-10
 0.596E-06   0.167E-10
 0.298E-06   0.167E-10
 0.149E-06   0.167E-10
 0.745E-07   0.167E-10
 0.373E-07   0.167E-10
 0.186E-07   0.167E-10
 0.931E-08   0.167E-10
 0.466E-08   0.167E-10
 0.233E-08   0.167E-10
 0.116E-08   0.167E-10
 0.582E-09   0.167E-10
 0.291E-09   0.167E-10
 0.146E-09   0.167E-10
 0.728E-10   0.167E-10
 0.364E-10   0.167E-10
 0.182E-10   0.167E-10
 0.909E-11   0.167E-10
 0.455E-11   0.167E-10
 0.227E-11   0.167E-10
 0.114E-11   0.167E-10
 0.568E-12   0.167E-10
 0.284E-12   0.167E-10
 0.142E-12   0.167E-10
 0.711E-13   0.167E-10
 0.355E-13   0.167E-10
 0.178E-13   0.167E-10
 0.888E-14   0.167E-10
 0.444E-14   0.167E-10
 0.222E-14   0.167E-10
 0.111E-14   0.167E-10
 0.555E-15   0.167E-10
 0.278E-15   0.167E-10
Temp. simmetrization exponent   0.000

-0.500E+01  -0.167E-10
-0.500E+01  -0.312E-06
-0.250E+01  -0.312E-06
-0.250E+01  -0.286E-04
-0.125E+01  -0.286E-04
-0.125E+01  -0.187E-03
-0.625E+00  -0.187E-03
-0.624E+00  -0.486E-03
-0.312E+00  -0.486E-03
-0.310E+00  -0.110E-02
-0.155E+00  -0.110E-02
-0.147E+00  -0.334E-02
-0.733E-01  -0.242E-02
-0.366E-01  -0.242E-02
-0.271E-01  -0.386E-03
 0.171E-02   0.118E-04
-0.506E-04  -0.134E-06
-0.501E-04  -0.452E-10
-0.501E-04  -0.744E-16
 0.319E-15   0.114E-16
Temp. simmetrization exponent  -0.193

 Density simmetrization exponent calc. residuals
 0.500E+01  -0.848E-11
 0.500E+01  -0.853E-11
 0.250E+01  -0.853E-11
 0.250E+01  -0.891E-11
 0.125E+01  -0.891E-11
 0.125E+01  -0.102E-10
 0.625E+00  -0.102E-10
 0.625E+00  -0.145E-10
 0.312E+00  -0.145E-10
 0.312E+00  -0.377E-10
 0.156E+00  -0.527E-02
 0.781E-01  -0.527E-02
 0.479E-01  -0.131E-02
-0.865E-02   0.125E-03
 0.753E-03  -0.538E-05
 0.722E-03  -0.203E-07
-0.118E-06   0.247E-13
-0.118E-06   0.195E-15
 0.114E-14  -0.133E-15
-0.472E-15   0.103E-15
Temp. simmetrization exponent   0.389

 Rtot simmetrization exponent calc. residuals
 0.500E+01  -0.196E-10
 0.500E+01  -0.222E-10
 0.250E+01  -0.222E-10
 0.250E+01  -0.280E-10
 0.125E+01  -0.280E-10
 0.125E+01  -0.358E-10
 0.625E+00  -0.358E-10
 0.625E+00  -0.462E-10
 0.312E+00  -0.462E-10
 0.312E+00  -0.647E-10
 0.156E+00  -0.647E-10
 0.156E+00  -0.115E-09
 0.781E-01  -0.115E-09
 0.781E-01  -0.473E-09
 0.391E-01  -0.440E-02
-0.195E-01   0.651E-03
 0.252E-02  -0.241E-03
 0.184E-02  -0.678E-05
-0.195E-04   0.437E-08
 0.125E-07  -0.133E-11
 0.125E-07  -0.867E-16
-0.278E-15   0.481E-16
Temp. simmetrization exponent   0.114

 tdep simmetrization exponent calc. residuals
 0.500E+01   0.196E-10
 0.250E+01   0.196E-10
 0.125E+01   0.196E-10
 0.625E+00   0.196E-10
 0.312E+00   0.196E-10
 0.156E+00   0.196E-10
 0.781E-01   0.196E-10
 0.391E-01   0.196E-10
 0.195E-01   0.196E-10
 0.977E-02   0.196E-10
 0.488E-02   0.196E-10
 0.244E-02   0.196E-10
 0.122E-02   0.196E-10
 0.610E-03   0.196E-10
 0.305E-03   0.196E-10
 0.153E-03   0.196E-10
 0.763E-04   0.196E-10
 0.381E-04   0.196E-10
 0.191E-04   0.196E-10
 0.954E-05   0.196E-10
 0.477E-05   0.196E-10
 0.238E-05   0.196E-10
 0.119E-05   0.196E-10
 0.596E-06   0.196E-10
 0.298E-06   0.196E-10
 0.149E-06   0.196E-10
 0.745E-07   0.196E-10
 0.373E-07   0.196E-10
 0.186E-07   0.196E-10
 0.931E-08   0.196E-10
 0.466E-08   0.196E-10
 0.233E-08   0.196E-10
 0.116E-08   0.196E-10
 0.582E-09   0.196E-10
 0.291E-09   0.196E-10
 0.146E-09   0.196E-10
 0.728E-10   0.196E-10
 0.364E-10   0.196E-10
 0.182E-10   0.196E-10
 0.909E-11   0.196E-10
 0.455E-11   0.196E-10
 0.227E-11   0.196E-10
 0.114E-11   0.196E-10
 0.568E-12   0.196E-10
 0.284E-12   0.196E-10
 0.142E-12   0.196E-10
 0.711E-13   0.196E-10
 0.355E-13   0.196E-10
 0.178E-13   0.196E-10
 0.888E-14   0.196E-10
 0.444E-14   0.196E-10
 0.222E-14   0.196E-10
 0.111E-14   0.196E-10
 0.555E-15   0.196E-10
-0.278E-15   0.196E-10
Temp. simmetrization exponent   0.000

 0.500E+01   0.288E-25
 0.500E+01   0.288E-25
 0.250E+01   0.169E-12
-0.125E+01  -0.196E-10
 0.125E+01   0.373E-06
 0.123E+01   0.459E-06
-0.616E+00  -0.256E-04
 0.581E+00   0.423E-03
 0.512E+00   0.844E-03
-0.256E+00  -0.316E-02
-0.756E-01  -0.316E-02
-0.551E-01  -0.176E-03
 0.119E-02   0.294E-04
-0.170E-03  -0.103E-06
-0.169E-03  -0.575E-10
 0.331E-09   0.201E-16
 0.278E-15   0.201E-16
Temp. simmetrization exponent  -0.114

 ###FUNCTIONS VALUES AT USER REQUESTED PERCENTILES###
Percentile =  0.950

 Dynamic pressure 10 m
-0.400E+01  -0.500E-01
-0.380E+01  -0.498E-01
-0.190E+01  -0.498E-01
-0.174E+01  -0.495E-01
 0.868E+00   0.122E-01
 0.172E+00   0.122E-01
-0.651E-01  -0.223E-02
-0.551E-01  -0.194E-03
 0.943E-03   0.467E-06
-0.227E-05  -0.723E-09
-0.226E-05  -0.266E-14
-0.226E-05   0.000E+00
 Particle concentration 2 m
-0.400E+01  -0.500E-01
-0.380E+01  -0.498E-01
-0.190E+01  -0.498E-01
-0.174E+01  -0.495E-01
 0.868E+00   0.122E-01
 0.172E+00   0.122E-01
-0.651E-01  -0.223E-02
-0.551E-01  -0.194E-03
 0.943E-03   0.467E-06
-0.227E-05  -0.723E-09
-0.226E-05  -0.266E-14
-0.226E-05   0.000E+00
 Flow density
 0.400E+01   0.500E-01
 0.380E+01   0.498E-01
 0.190E+01   0.498E-01
 0.174E+01   0.495E-01
-0.868E+00  -0.122E-01
-0.172E+00  -0.122E-01
 0.651E-01   0.223E-02
 0.551E-01   0.194E-03
-0.943E-03  -0.467E-06
 0.227E-05   0.723E-09
 0.226E-05   0.269E-14
-0.131E-13  -0.278E-16
-0.666E-15  -0.278E-16
 Flow shear velocity
-0.400E+01  -0.500E-01
-0.380E+01  -0.498E-01
-0.190E+01  -0.498E-01
-0.174E+01  -0.495E-01
 0.868E+00   0.122E-01
 0.172E+00   0.122E-01
-0.651E-01  -0.223E-02
-0.551E-01  -0.194E-03
 0.943E-03   0.467E-06
-0.227E-05  -0.723E-09
-0.226E-05  -0.266E-14
-0.226E-05   0.000E+00
 Total deposition rate
-0.400E+01  -0.500E-01
-0.380E+01  -0.498E-01
-0.190E+01  -0.498E-01
-0.174E+01  -0.495E-01
 0.868E+00   0.122E-01
 0.172E+00   0.122E-01
-0.651E-01  -0.223E-02
-0.551E-01  -0.194E-03
 0.943E-03   0.467E-06
-0.227E-05  -0.723E-09
-0.226E-05  -0.266E-14
-0.226E-05   0.000E+00
 Total deposition time
 0.400E+01   0.500E-01
 0.380E+01   0.498E-01
 0.190E+01   0.498E-01
 0.174E+01   0.495E-01
-0.868E+00  -0.122E-01
-0.172E+00  -0.122E-01
 0.651E-01   0.223E-02
 0.551E-01   0.194E-03
-0.943E-03  -0.467E-06
 0.227E-05   0.723E-09
 0.226E-05   0.269E-14
-0.131E-13  -0.278E-16
-0.666E-15  -0.278E-16
Percentile =  0.990

 Dynamic pressure 10 m
-0.400E+01  -0.997E-02
-0.396E+01  -0.996E-02
-0.198E+01  -0.996E-02
-0.194E+01  -0.994E-02
-0.971E+00  -0.994E-02
-0.633E+00  -0.923E-02
-0.316E+00  -0.437E-02
 0.158E+00   0.327E-02
-0.677E-01  -0.704E-03
-0.557E-01  -0.869E-04
 0.165E-02   0.476E-06
-0.897E-05  -0.182E-08
-0.893E-05  -0.377E-13
-0.893E-05   0.000E+00
 Particle concentration 2 m
-0.400E+01  -0.997E-02
-0.396E+01  -0.996E-02
-0.198E+01  -0.996E-02
-0.194E+01  -0.994E-02
-0.971E+00  -0.994E-02
-0.633E+00  -0.923E-02
-0.316E+00  -0.437E-02
 0.158E+00   0.327E-02
-0.677E-01  -0.704E-03
-0.557E-01  -0.869E-04
 0.165E-02   0.476E-06
-0.897E-05  -0.182E-08
-0.893E-05  -0.377E-13
-0.893E-05   0.000E+00
 Flow density
 0.400E+01   0.997E-02
 0.396E+01   0.996E-02
 0.198E+01   0.996E-02
 0.194E+01   0.994E-02
 0.971E+00   0.994E-02
 0.633E+00   0.923E-02
 0.316E+00   0.437E-02
-0.158E+00  -0.327E-02
 0.677E-01   0.704E-03
 0.557E-01   0.869E-04
-0.165E-02  -0.476E-06
 0.897E-05   0.182E-08
 0.893E-05   0.378E-13
 0.893E-05   0.867E-17
 0.666E-15   0.867E-17
 Flow shear velocity
-0.400E+01  -0.997E-02
-0.396E+01  -0.996E-02
-0.198E+01  -0.996E-02
-0.194E+01  -0.994E-02
-0.971E+00  -0.994E-02
-0.633E+00  -0.923E-02
-0.316E+00  -0.437E-02
 0.158E+00   0.327E-02
-0.677E-01  -0.704E-03
-0.557E-01  -0.869E-04
 0.165E-02   0.476E-06
-0.897E-05  -0.182E-08
-0.893E-05  -0.377E-13
-0.893E-05   0.000E+00
 Total deposition rate
-0.400E+01  -0.997E-02
-0.396E+01  -0.996E-02
-0.198E+01  -0.996E-02
-0.194E+01  -0.994E-02
-0.971E+00  -0.994E-02
-0.633E+00  -0.923E-02
-0.316E+00  -0.437E-02
 0.158E+00   0.327E-02
-0.677E-01  -0.704E-03
-0.557E-01  -0.869E-04
 0.165E-02   0.476E-06
-0.897E-05  -0.182E-08
-0.893E-05  -0.377E-13
-0.893E-05   0.000E+00
 Total deposition time
 0.400E+01   0.997E-02
 0.396E+01   0.996E-02
 0.198E+01   0.996E-02
 0.194E+01   0.994E-02
 0.971E+00   0.994E-02
 0.633E+00   0.923E-02
 0.316E+00   0.437E-02
-0.158E+00  -0.327E-02
 0.677E-01   0.704E-03
 0.557E-01   0.869E-04
-0.165E-02  -0.476E-06
 0.897E-05   0.182E-08
 0.893E-05   0.378E-13
 0.893E-05   0.867E-17
 0.666E-15   0.867E-17
Percentile =  0.200

 Dynamic pressure 10 m
 0.400E+01   0.200E+00
 0.320E+01   0.192E+00
 0.160E+01   0.192E+00
 0.121E+01   0.147E+00
-0.603E+00  -0.142E+00
 0.297E+00   0.415E-01
 0.230E+00   0.686E-02
-0.127E-01  -0.168E-03
 0.303E-03   0.177E-05
 0.300E-03   0.448E-09
 0.300E-03   0.000E+00
 Particle concentration 2 m
 0.400E+01   0.200E+00
 0.320E+01   0.192E+00
 0.160E+01   0.192E+00
 0.121E+01   0.147E+00
-0.603E+00  -0.142E+00
 0.297E+00   0.415E-01
 0.230E+00   0.686E-02
-0.127E-01  -0.168E-03
 0.303E-03   0.177E-05
 0.300E-03   0.448E-09
 0.300E-03   0.000E+00
 Flow density
-0.400E+01  -0.200E+00
-0.320E+01  -0.192E+00
-0.160E+01  -0.192E+00
-0.121E+01  -0.147E+00
 0.603E+00   0.142E+00
-0.297E+00  -0.415E-01
-0.230E+00  -0.686E-02
 0.127E-01   0.168E-03
-0.303E-03  -0.177E-05
-0.300E-03  -0.448E-09
-0.300E-03   0.000E+00
 Flow shear velocity
 0.400E+01   0.200E+00
 0.320E+01   0.192E+00
 0.160E+01   0.192E+00
 0.121E+01   0.147E+00
-0.603E+00  -0.142E+00
 0.297E+00   0.415E-01
 0.230E+00   0.686E-02
-0.127E-01  -0.168E-03
 0.303E-03   0.177E-05
 0.300E-03   0.448E-09
 0.300E-03   0.000E+00
 Total deposition rate
 0.400E+01   0.200E+00
 0.320E+01   0.192E+00
 0.160E+01   0.192E+00
 0.121E+01   0.147E+00
-0.603E+00  -0.142E+00
 0.297E+00   0.415E-01
 0.230E+00   0.686E-02
-0.127E-01  -0.168E-03
 0.303E-03   0.177E-05
 0.300E-03   0.448E-09
 0.300E-03   0.000E+00
 Total deposition time
-0.400E+01  -0.200E+00
-0.320E+01  -0.192E+00
-0.160E+01  -0.192E+00
-0.121E+01  -0.147E+00
 0.603E+00   0.142E+00
-0.297E+00  -0.415E-01
-0.230E+00  -0.686E-02
 0.127E-01   0.168E-03
-0.303E-03  -0.177E-05
-0.300E-03  -0.448E-09
-0.300E-03   0.000E+00
Percentile =  0.500

 Dynamic pressure 10 m
-0.400E+01  -0.500E+00
-0.200E+01   0.000E+00
 Particle concentration 2 m
-0.400E+01  -0.500E+00
-0.200E+01   0.000E+00
 Flow density
-0.400E+01  -0.500E+00
-0.200E+01   0.000E+00
 Flow shear velocity
-0.400E+01  -0.500E+00
-0.200E+01   0.000E+00
 Total deposition rate
-0.400E+01  -0.500E+00
-0.200E+01   0.000E+00
 Total deposition time
-0.400E+01  -0.500E+00
-0.200E+01   0.000E+00
